114827241
114834431
114845823
114852402
114852555
114856396
114857942
114886802
114918131
114922575
114950046
114980066
114982428
114979548
114986836
115000591
114994394
114996628
115012321
115013552
115014436
115027253
115034707
115035175
115049002
115070654
115074153
115095540
115089287
166687042
115124037
115136587
115139910
115141342
115146266
115148460
115149075
115152824
115157932
115166154
166704794
115172387
115174539
115175699
115186045
115195781
115208221
115215787
166721449
115244957
115255431
115252902
115267146
115281225
166750403
166751442
115298500
166764616
115353408
166776261
166754355
115375557
166781762
166762674
115391984
166764651
115319601
115320493
115395072
115368972
115324612
115392541
115392537
115326039
115333651
115335981
115350531
166791863
115351539
166792828
166798321
166807280
166808234
166811161
115457692
166818987
115372324
115481072
166824866
115479683
115480573
166828455
115494669
115493289
115500037
115504930
166838412
166838481
166838543
166838675
166838576
166838810
166838857
166838741
115512714
166838897
115515221
166840886
115524579
166845029
115531920
115535412
166847848
166848740
115540006
115471347
115486379
166852078
115551888
115554857
115559148
166857996
115565458
115571406
115574274
166866530
115581120
115596472
115598437
115599608
115602020
115599719
115609760
115609762
115613470
115617219
166885161
166885194
115635153
166901285
115646918
115647824
166889246
115665312
166900703
115679463
115666292
115701572
115713380
115715413
115719299
115723139
115727774
115730258
115734879
115750802
166960404
115752430
115753456
115754378
166963344
115775821
115778172
166973371
115780115
115779834
115785517
115783940
115792853
115795173
115800277
115800436
115797111
115803557
115806866
166992225
167009077
167009082
115834378
115840023
115844336
115846382
115858165
115867101
115875027
115875270
166992222
115881184
115890609
115893451
115902894
167059414
115916318
115920829
167042844
115927584
115935740
167066122
115952638
115962080
116041642
167098118
167098207
116061658
167079826
116066004
116066235
116088824
116103838
116109059
116117381
116119485
167125730
116133577
116143656
116143889
116147490
116149525
167133704
167148064
116171394
116171470
116172988
116205222
116193091
116220093
167176428
116225748
116237660
167185452
116252179
116259063
116266222
167197502
116270915
116272218
167202325
116280185
116283360
116285337
116287653
167208619
116296788
167209565
116314728
116320155
116325275
116327622
167222724
167225391
116337579
167228281
167231687
167233465
167220719
116357577
167228251
167229195
116370767
116363584
116372574
116382514
116385116
116397514
116410453
116448875
116455350
116467551
116482197
116503163
116518723
116521628
116527382
116539698
116539931
116550868
116588841
127005219
116609527
116611041
116613112
116615022
116622987
116638500
116641125
116664054
116666635
116679843
116684428
116693259
116694452
116696047
116699788
116705405
116730806
116776821
116785672
116788740
116792209
116795292
116804689
116804914
116805668
116820306
116821930
116822523
116822453
116824205
116837540
116832785
116849419
116850205
116853264
116856379
116864868
116865880
116880705
116887553
116889624
116906705
116909282
116910464
116923868
116926412
116927578
116937580
116922690
116970967
116974394
116974699
116978955
116989644
116992313
116993316
116998307
116999294
117002820
117002853
117003071
117011495
117013752
117018321
117023138
117025826
117032211
117037792
117037780
117020522
117047347
117043544
117064771
117065512
117065552
117085101
117087271
117089013
117100066
117092630
117095558
117107352
117119220
117120136
117125949
117127577
117128165
117129626
117131281
117132430
117135323
117135372
117142344
117149845
117154389
117164558
117167243
117184539
117184524
127004619
127004491
117194758
117201138
117203103
117217565
117218789
117223429
117227511
117231434
117222316
117238679
117249465
117242894
117263343
117264874
117274740
117276370
117279774
117284234
117287379
117294265
117296958
117303512
117311222
117301509
117312595
127004495
117332594
117336893
117352377
117350527
117373422
117396685
117402292
117411496
117411061
117402202
117423136
117425742
117425236
117428112
117427801
117432015
117433422
117435101
117441591
117453914
117458816
117459194
117460964
117494583
117497592
117493810
117504143
117530017
117532488
117534599
117535241
117538004
117542207
117545492
117545476
117552651
117554119
117561161
117561426
117571086
117571731
117583155
117583650
117609255
117612618
117628725
117639671
117638091
117640020
117653468
117691521
117698780
117699474
117757997
117767888
117771135
117781414
127004502
117799666
117811320
117829081
117844860
117862803
117862799
117864103
167273662
117873068
117875496
117875194
117882394
117886669
117887555
117890767
167276348
117895378
117900114
117905016
117907947
117887879
167290140
117920894
117920912
117922559
117914842
167299475
167284769
117945643
117952039
117955005
167305216
117966996
167307881
167300215
117978469
117992081
167304973
118000882
118000915
118002513
118002550
118003086
167310301
117945294
118007803
167324839
167317521
167319218
117988220
118035742
118040471
167347374
117966990
118053037
118064718
167360642
167343088
167362100
118074484
118065991
167365508
118096874
118099945
118096855
118098442
117944923
118106253
118113048
118120934
118121414
167378475
118134105
167384936
118144169
167388028
118168940
118169750
167395967
118183486
167396626
167396907
118185260
167398591
118195295
118196824
167402649
167401430
118215742
118218955
167406064
118242470
167394014
167422486
118248187
167431433
167433351
167433419
118312559
118316789
167426286
118332939
167429854
167443655
167446339
167450140
167450495
167442633
167442761
118004189
118207815
118217168
167458594
118241213
118249629
167462962
118042819
118049449
167462130
167462707
167480793
167472955
167472924
118139997
118143293
118145806
167490861
167491333
167496810
118188172
118188189
167507011
118338072
118347294
118359467
118372938
118386207
118396905
118407411
118407828
118413255
118173025
118416088
118417200
118416759
118417236
118211632
167472145
167570393
118460449
167570095
167588406
167591780
167591719
118495297
118514275
167614011
167617684
118531989
167623110
167624411
167625190
118542715
118548783
118558227
118572639
118572593
118572654
118572681
118583659
118586086
118631385
167668623
118664973
118676047
118676181
118678052
118679170
118686776
118688093
167683136
118685090
118705688
167689699
118732801
118718824
167697672
167698878
167705822
118776368
167706467
118798138
167716702
167713946
167719435
167720353
118819843
118831965
167725682
167725585
118840501
118843425
118845055
167731721
118845213
167734065
118861808
118865431
118872659
118877171
118878993
167740750
167740033
167742651
118893485
167745073
118896756
118910964
167761450
118927752
118944171
167775221
167779852
118972773
167791508
118990486
119001120
119012691
119015648
119034635
119023639
119051935
167816388
119063929
119076808
119079335
119083259
119086981
167819234
119106913
119116843
167830440
119127804
167834609
167839217
167841053
119153957
167846400
119164149
119179439
119182976
167858593
119188193
119198789
167863686
119213005
167865053
119219246
167866472
119220949
119231469
119249871
119241289
167876520
119269440
119275587
119280246
119287995
167886375
119289121
167886724
119294386
167890488
167894076
119331796
119297644
167904603
167905965
167907340
119349997
119352069
167910174
119361638
119364657
119366632
119369891
167917788
119371660
119371975
167920537
167920704
167921522
119333419
119388638
167927412
167938778
119400151
167953525
167973251
119436078
167975325
119473968
167981751
119487142
119498663
119499552
119500818
119501428
119501837
119509420
119518934
119523408
119526239
119528153
167999090
168005751
119543625
119543602
119545125
119552989
168016115
119586804
168021228
168021284
168022965
119602734
168025189
168025441
119592564
119608948
119620472
119625544
119644217
119644378
168040831
119665006
119668560
119654522
119678573
119692287
119692243
119703046
119705415
119707184
119710046
119712207
119712987
168071092
168072850
119726717
168076463
168076413
119628546
119703129
168082918
168085200
119750405
168086499
168086664
168087545
119763913
119765171
168090458
119779017
119788169
119788296
168106474
119806530
119813744
168113144
168114015
168115015
119819435
168118161
168118551
168117434
168118048
119835411
168120783
168134852
168137831
119865138
119866677
119876362
168144542
119907313
168156561
168159032
119891523
168153528
119913243
168189827
119954022
168196034
119959200
119968572
119974307
119977988
168207469
119989413
119997904
168212098
120004612
168192551
168213538
168195785
120020045
168197340
120028232
120023112
120028719
168216586
168217616
168206143
168206333
120041494
120044782
168219088
120048250
168220714
168221241
168227814
120036920
120072478
120079059
120083017
120096976
120107612
120115030
120115862
120117302
120118109
120126706
168230760
168248845
120153020
168250167
168251277
168254760
168256120
120184421
120178460
120213208
120214997
120235696
168272168
168272262
120237615
120221496
120244613
168275362
168279830
168279862
168281091
168283844
120279842
168290640
120295144
120305797
120347336
168316653
168309631
168333234
168333231
168334172
120420767
120421471
120428281
120428061
120437819
168349882
120443470
120450684
120488245
120506202
120480639
120509836
168370266
120539762
120548815
168377835
168379180
168381751
168383394
120565359
120579733
120595706
120600247
120608446
168392246
168397892
127004358
168396316
120627637
168397651
168398629
120628496
120635906
120645575
120648023
168408395
120664813
168414938
168415759
168415634
168417085
120685113
168417350
168419724
168420511
120697043
120699323
120700333
120703644
120698104
168426795
120735535
168434229
168437625
168437722
120778159
168445212
168445848
120789485
168449893
168458033
120829258
168465966
120837761
168472794
168473520
168473816
168479874
168480324
168480265
168472281
168473567
120876179
168487839
120884685
120891727
127005562
120942209
168489998
120941989
168497927
168500054
168508925
168504641
168507918
120981812
168507141
168512304
168512785
168513606
120991081
168514344
121003095
168515712
168517918
121012769
121013992
168520558
121024127
121032202
168525057
121042629
121042906
121046797
121046876
121050421
121053516
121070303
121069432
168534473
121101499
168547836
168548804
168548980
168552047
121100324
121141130
121155459
121164398
168564360
168566663
168566649
121159270
121202443
121221747
121251974
121272643
121273604
121278032
121279521
121287115
168570548
121295243
121295251
121318210
168573610
121321372
121322615
121327588
168577176
121335211
121337263
121363302
121366370
168589071
168589679
121358987
121363369
168591747
168591944
168591346
121390167
168595054
168595217
168596475
168597168
168597785
121420253
168603822
168606523
168608720
121447497
168614469
168614827
121450159
121451869
168612251
168612746
121461016
168623728
168626909
168628803
168633880
121507994
168645914
121519653
168649841
121537514
121543342
121553009
168657273
121565705
121579404
121599673
121602236
121608408
168674076
121613029
168677174
121621165
168677936
121630929
121629767
168680361
121635996
121640755
121648293
168685350
121655937
121670489
168691302
168696371
121717138
121720168
121729226
121745997
168715822
121767305
168718332
121774615
121778457
168720705
121788401
168724378
168724406
121798886
168728365
168730070
168734613
168736289
168738078
168739906
168745432
168747584
121879898
168750816
168752131
168754033
121894813
121901763
168757813
168759731
168761824
168762861
121918573
121938229
121944183
168782550
121971746
168782250
168783881
121983379
121983118
121985862
121985026
121986650
168802193
122005941
122015228
168781741
122053072
168817362
122070778
168823133
168827012
168837979
122113858
122116417
122120387
122125135
122122551
122132442
122138052
122153249
168861519
168861507
168861536
122175180
168865563
168869683
122210181
122218433
168874860
122226981
168879712
168890117
122275944
122278823
168899303
122291248
168906087
122304529
122315260
168910538
122321668
122323638
122323922
122326434
122297544
168917019
168917037
168920019
168919994
122363523
122375476
122376316
168930655
168934640
168936185
122415975
122417941
122425736
122432733
122445303
168948187
122450119
122460939
168953566
122466212
122472026
122481218
168958087
168965883
168968016
122529902
122533146
122534443
122559823
168976204
122561205
168978930
122589645
168985026
168985119
122595701
122597933
122607786
122609099
122612006
122615401
169022560
169014713
122703306
122720814
122744404
169044206
169052261
122763815
122769546
122771049
122772089
122773433
122773872
169060476
122784807
122772538
122807042
122810583
122814580
122822096
122838081
122843913
122857488
122840373
122869977
169088792
122900805
169094468
169097419
122929527
122935615
169107284
122902009
169109738
169113565
122969512
169118939
169125666
122967760
169129827
169131035
123004627
169126624
123010525
169136344
123014709
169132274
169142730
123033447
169147819
123049169
123094125
123094047
123125403
123130812
123135191
169189274
123161912
123168727
123174955
123176827
169194269
123178189
169195158
123180965
123184238
123189902
169203326
123204742
123210593
169207853
169199788
123227251
123228875
123229509
169213410
123241747
123245143
123247067
123255275
169224008
169225149
169230070
123289073
123297675
169234690
123298291
169235831
123326533
123314085
123338818
123342646
169252607
123352114
123351027
123359688
169258451
123370410
123377690
123378038
169261946
123390472
169263799
123391865
169264410
169269594
169274812
123442113
123442211
123456019
123459878
123459911
169282289
123446682
123477357
169309588
169297077
123509122
123511604
123511848
123515293
169312683
123515896
123516011
123520698
123533216
169319868
123540522
123545103
123554128
123555400
123558588
123553538
169318545
169329758
123574945
123629370
123613670
169355626
169352816
169352777
123653210
123659554
123655510
169366489
169369055
123683798
169374281
123698880
169375032
123710671
123715450
169383335
123724987
169385710
123732833
123733492
123730674
123746513
123761457
169397247
169397514
123770779
123757724
123776043
123776734
169403624
123784418
123780648
169410337
169410407
169410569
169413453
169413595
123813231
123801051
123831909
169422169
169427459
123858700
123858905
169436056
169430696
169430712
123861212
123868107
169446663
123889931
123886183
123897987
169464921
169466974
169470574
123953988
169471580
123955808
123957732
123961520
123961970
123963100
169476078
123974295
123979647
123980800
169487414
169487739
169488008
169488414
124002927
124005130
124013768
124019510
124020508
124035146
124041398
169500130
169501800
124063420
169516190
169516875
169518074
169523976
169527093
124145080
169533259
124165627
124165661
124166307
169535420
124170792
124171754
169538365
169542866
124167680
169552426
124222553
169555264
169556037
124230889
169556991
169557098
124234634
169558758
124237368
124237471
124240588
124244736
124246968
124247445
169563589
169570229
124274837
124278061
124278090
169575907
169579569
124258782
124303660
124313413
127068599
127070334
169570516
124327222
124328759
124330613
124336178
124316471
124360253
124370664
169615805
169616731
169622261
124386628
124386652
124406181
169634821
124446586
124475709
169651440
169651444
169652648
169653170
169653351
124465265
169656821
169656927
124520663
124520932
169662256
169665687
169665659
169665704
169665945
169666652
124542240
169674906
169669664
124558551
169672109
169683635
124576955
124577470
124585993
169688606
169691699
124579918
169694009
169694355
169695153
169695168
169695192
169701938
124634486
169703876
124639542
169706052
169708155
124658377
169712285
169712291
124678280
169719139
169722346
169722690
124693387
124696305
169727772
169731534
124713342
169735780
169736994
124729157
124735126
124739345
124749244
124751289
124753225
124757828
124757816
169759585
169760054
124762919
124768261
124770235
124774965
124781604
124784058
124785479
169777335
124813878
124832892
124834365
169785434
169786227
169786666
124841061
169789288
124854018
169794846
169796285
124861662
169797164
169797152
124885919
124893328
169813021
169815023
124914023
124919103
124941563
169831062
169831440
124957667
125000230
125013914
169847723
125012767
125036071
125039173
169853763
125048768
169857948
125052846
169858275
169858973
169856162
125039169
125071626
125073024
125087929
169871466
169866624
125093851
125059302
125102667
125064940
125107064
169892497
125075013
125126778
169900834
169901115
169901186
125131523
169904008
125138294
169912840
169914564
169915464
125165150
125175408
125209899
125144504
125182057
125182240
125184192
125229837
169927578
169929245
169934764
169935272
169935374
169935295
169935725
169936459
169938620
169939723
169949793
169957642
169959299
169959843
169961992
169971001
169971357
169972001
169972043
169972070
169974391
169977486
169979718
169980697
169981475
169981875
169982762
169983590
169984005
169984654
169984625
169990464
125256577
170012776
170016881
125251546
125278383
125279908
170030905
170033991
125291820
170045045
170045030
125286131
170048078
170050042
170051233
125321745
170056218
170058865
170058828
170063715
170066186
170069143
170069182
125341117
170072589
170076024
125340105
170087405
125382474
170094618
125389837
169893261
125418301
125403536
125406929
169916886
169918611
169936901
169941625
125464479
170130592
125481774
125470363
169956388
169966081
169966135
125546293
169969464
125466020
125550320
125564855
169982670
125583113
125583364
170189657
169997136
170007281
125602229
125610775
125611236
125630332
170036756
125648170
170210419
125651685
125654564
125656881
125658838
125639562
125669266
125671286
125672499
170061286
125689987
125690090
125693312
170064726
170226677
170226681
170226702
170070605
125706770
170089394
125719816
170234846
125730223
125736433
170105934
170107092
125745559
125755214
125756721
125761247
125774010
125768542
125786032
125795230
125811584
125814392
170279108
125842545
170279912
125847798
125799443
170285093
170285318
125869461
125878692
125879975
125886495
170315365
170318732
170319123
170320843
125947642
170321389
125952819
126017193
125998528
126042536
126044931
170366248
126031123
126066176
126034949
170283963
126069392
169895015
126093162
170386263
170386310
170386597
169911837
169933366
169938227
126133130
126135321
126135253
170391965
126136937
170319645
170320099
170394232
170394974
169957264
169957321
169959164
169960436
126164206
126165824
169966599
170340959
170341088
126176256
126176636
169988641
126189432
126192740
170007826
170405083
170405076
170405096
170351782
126211338
126213850
126176719
126234572
170045238
126221553
126252225
126245489
126246530
126294236
126302077
126304579
126309390
126312004
126319306
126329007
170120572
126359101
126360862
126360893
126361070
170418498
126389187
126390126
126407319
126408772
170455254
170455248
126435746
170456664
170456665
126452680
126455785
170458220
170460545
126490428
170451167
170462736
170465172
170400294
170469634
170472283
170473354
126551168
126557729
126547447
170487579
126599436
126599347
170497326
126616158
170503593
170506905
126634717
170507702
126661797
126670057
126690969
170534472
126695471
126737911
126738835
126740089
126747715
126750480
126726035
126768651
126768704
126784604
126759030
170575306
126763913
126807402
126837856
126853637
126850682
126856671
126858261
126862096
170602024
126889715
170605167
126878616
170610822
126923620
126928513
126965802
126974617
126982636
126983940
170641837
127066190
127067659
127069392
127069606
170652745
127035833
127037502
127041231
170668079
170668872
127061749
127071292
127077724
170683078
127093549
127123569
127131071
127150675
127154181
170714366
127189849
127184728
127190809
127224849
127237409
170741885
170745773
127240570
127229137
127271509
170753897
170754692
127293967
127296122
170760150
170760635
170761102
127310987
127313417
127317050
127320074
127321632
127327401
127328900
127289407
127330018
127330884
127343810
127346757
127347084
127350617
127365386
127371712
127381518
127389621
127365459
170799491
170790620
127429807
170812774
127462353
127465555
127478926
127492131
127497724
127507622
127523540
127525868
170839237
127534121
170845070
127540311
127545217
127546335
127556499
127557612
127558421
127561959
127564455
127572273
127575580
127567103
170856987
170865194
127577470
127571543
127584737
127593696
170876238
170876347
170876675
170872839
170885359
127681245
127690577
127698916
170907649
127692024
127712461
127726255
127748073
170920259
170921014
127749648
170926848
127761407
127764837
127786382
127789729
127807616
127810851
127818520
127838922
127839830
127866678
127869772
127880522
127885408
127887005
127889285
127889322
127889540
170972407
127895664
170979068
127917370
127927849
127928595
127940105
127970395
128001739
128005434
128019194
171033148
128030276
128035557
128037662
128058853
128033498
128051953
171045323
171045714
128087998
128092593
128094675
128095110
128099532
171056971
171059610
171059970
128132663
128125616
171070307
128160066
171072552
128179601
171078039
128165641
128171224
171079711
171080513
171083267
128216582
128217289
128209181
128211532
171091002
128206935
128245469
128240321
128253215
128264697
128269190
128270175
128271358
128273079
128303983
171122113
128292811
171125689
171125518
128313775
128318462
128331746
128324718
171137334
128344844
171141767
128362587
128367152
128388031
128384585
128406933
128399564
128403968
171162262
128429808
171167170
128421763
128442733
128447176
128430492
128451282
128455546
128473336
128441228
128489185
128460820
128496539
128493796
128512724
128512776
128513220
128513157
171193998
128523435
128516695
171198075
128532476
128536105
128537412
128527656
171200700
128543836
128544800
128566489
128574311
128575601
171219064
171220899
128600140
171223208
171225768
171227575
171227881
171228664
128649567
128649412
171236951
171238241
171240603
171241028
128654749
128691703
171252003
171255746
128703619
128711507
128718209
171269044
171271147
128739386
171281055
171286465
171295356
128811916
128830342
128815755
128811632
128839227
128841864
128877065
128891266
128902208
171329691
128910320
171332571
171336426
171338739
171340436
128935950
128942989
128943142
128946986
171346165
128975712
171360723
129002111
128965174
128991672
129024333
171425224
171428675
171431759
171432158
129072878
129151370
129151535
129154097
129154988
129155693
129163112
129164959
129170630
129175099
129193285
129202745
129208412
129210765
129212586
129234095
129173260
129254262
129256690
129267194
129285646
129286378
129298079
129298359
129300515
129300561
129301579
129301295
129317380
129337790
171441842
129342731
171443214
129349524
171447124
129359598
171450885
129363918
129373527
129393773
129401315
172210557
129407747
129439359
129445423
129446257
129458374
171486326
171487448
171487042
129466686
129491759
171485388
129527702
129529846
129529531
171509868
129534252
129540100
171515292
171517530
129555490
171518149
171518425
171518575
129561569
171522521
129569191
129569595
129574830
171525774
171525783
129584967
129590499
129594608
129594760
129591498
171532889
129602735
129608129
171534591
129602755
129610161
171538212
171538281
129631279
129647207
129653587
129653851
129657173
129662200
129691110
171554804
129715354
171566156
171569112
129727468
129751780
129734860
129773081
129777754
129779858
171585453
129789933
129791092
129793780
129794140
129796825
129818519
129819485
129822885
129823465
129827049
129831979
129832674
171608368
129845668
129846420
171615202
129896830
129900061
129879762
129900997
171622181
171622642
171623342
171627644
129925499
129937999
129918889
129944807
130004377
130008688
130011859
130025704
130050110
130048361
130068040
130069087
171684613
130084304
130087172
130079090
130089445
130097382
171692975
171701708
130137473
171706980
171709768
171709793
130148290
171711684
171712038
130152463
130162682
130152435
171719193
130183573
130187304
130186647
171725475
171726384
171726570
130192761
130206955
171738617
171738623
130236466
130238774
130248221
130250309
130262949
171754328
130275612
130280571
130293899
171766761
130339806
130348384
171789892
130364964
130353925
130376636
171796498
171796934
130391540
130395851
130430591
130433077
130434677
130437095
130438852
130470748
171822983
130480459
171826084
130486309
171831597
171832290
130501634
130512139
171838327
171837923
130521357
171840384
130527604
130554761
130563805
130576650
171857291
130578412
171857938
171859741
130583074
130585559
171862942
130599544
130614755
130618311
130625485
171877512
171877122
130645911
171880380
130737326
130748153
130771469
130793434
171925719
130803264
171926281
130805054
130813551
130822864
130822906
171937825
130840094
130840492
130843851
130846297
130855444
130876863
171952066
130883917
171954399
171954942
130898125
171957329
130911307
130913495
130915728
171960626
171978506
130994347
131016699
172006178
131056160
131057188
131062748
131056570
172004052
131082338
131072000
131080963
131083464
131085536
131107190
172030452
131125650
131131633
131135101
131135177
172040833
131165730
172052704
172043797
172046199
172050643
172050023
131212906
172058034
131223923
131264241
131237580
131285809
131120129
172095783
131313179
131321718
131343183
131346717
131347476
172105031
131370003
131373779
131397623
131419548
131410455
131422832
131435613
131445670
131450781
131446838
131454752
131448090
131455348
172143101
172143116
131471032
131519160
131519192
131519241
131519235
131526366
172164327
131552931
172168438
131557732
131562594
131564340
172161885
131570772
131579589
131612835
131617114
131618426
131625178
131626324
131625183
131631562
172200941
131652111
131646999
131648559
131662648
172212802
131685745
172213443
172213996
131613509
172224453
131786032
131789523
131800273
131800479
172255063
172256771
131843281
172262593
131864375
172264317
131869864
172272586
131892684
131894346
131904511
131922067
131948250
172294764
172294849
131948430
172298329
172298424
131976599
131962781
131981872
132006091
132013396
172323532
132036725
132041363
132044519
132066685
132067386
132088275
132090393
172345122
132106246
132115115
132116794
132132316
132135001
132132670
132149286
132202950
172378654
172379664
132222897
132244472
132220419
132246296
132284915
132300751
132300796
132302104
132308102
132307767
132312441
132312173
132318668
132316250
132324332
132331710
132364846
172427010
132417507
172435943
172437298
172440248
132453836
132466318
132492771
132498240
132501385
172460623
132513918
132523342
132522524
132522576
172477668
172477672
132557502
132558735
132550713
172485300
132572285
132578795
132579304
132597852
132599229
132612064
172490995
172499267
132687567
172509912
172511842
132715004
172516882
172517564
132720464
132721400
132725042
172524035
172524021
132760594
132766733
132772627
132764195
172535265
132787165
132798679
172540524
172541107
172541171
132794937
132817287
132819703
132801970
132828357
132822994
172553289
172553745
132862760
132877488
132880780
132876875
132910971
132924050
172575265
132964488
132908620
132979451
132989210
132989157
172595827
172596126
132938947
172617462
172619230
172630870
172636738
172641796
133014683
132954896
133019171
133019181
133020027
132979936
132980259
132980550
132981800
132986304
132997750
132999495
133043576
132938983
133081362
133104424
133119733
133125589
133126940
133126970
133126742
133163464
133164091
133192710
133192859
133199078
133227978
133243680
133276810
172647555
133288390
133296364
133298108
133304309
133311031
133312552
172664596
172666765
133346662
133368363
133371842
133387469
133387906
133389224
133389273
133399640
133401214
133397646
133414412
172695039
133433527
133439143
133442505
133442708
133452329
133453156
133457598
133458493
172709488
133465973
133480927
133381372
133491149
133493971
133497540
133507896
133490769
133512540
133520685
172726934
133527126
133529979
172732674
172732736
133546075
133536272
133562996
133566225
172741767
133580916
172749948
172743355
133602254
172759058
133622326
133623162
133622369
133631694
172766088
133645146
172769999
133657116
172773687
133665895
172777121
172779671
133678536
172781004
133615528
133723895
172789248
172792135
133799774
133800720
133851254
133852815
172826728
133857947
172831785
133868427
133896456
133905693
133907582
133924836
133924880
172848415
133920349
133946022
133934887
172857482
133957640
133961755
133964744
133971290
134007463
172877222
172875926
134024315
134054190
134079527
134084306
134084877
172893155
134089831
134094832
172896817
134090880
134097282
172900020
134127229
172908951
172909770
134139186
134139796
172911747
134147847
134158439
172921742
134172646
172926573
172932825
172932892
172935605
134227242
134227209
134227229
172938660
134239143
172933275
134255676
134287337
172966334
172982261
134353298
134354421
134363636
134349107
134378094
134389483
134391012
134391565
134395858
134395533
172999693
134405408
134408286
134422129
173009211
134449599
134451581
134461493
173021398
134515449
134523821
173033141
134528412
134537739
173038638
134546489
134549449
134552000
134557809
173043601
134557502
134564741
134569214
173052840
173043944
173044889
134584627
134585868
134587705
134589527
134588917
134590811
134604949
173059705
134612217
134639386
134645555
134651179
134655562
134627221
134657448
134667273
173078339
134708334
173087025
134718684
134720736
134724734
134729847
134734394
134748217
134741319
134750080
173098698
134782041
173110309
173108178
134787318
134792982
134802629
173127958
134774830
134828579
134827641
173125402
134832885
134803460
134847569
134848590
134860559
134863104
134858157
134885464
134889886
134897695
134918760
173166368
173168296
134985694
134985753
134989002
135000908
135013929
134790942
135071090
135082593
135083082
135090909
135107406
135123542
135123604
135144215
135158356
173235343
135163229
135153552
135155312
173243483
173258729
173263190
173263229
135261215
173271740
173271949
135303413
173293892
135318499
135321089
135329624
173295737
135349338
173300950
135326608
135371339
135383198
135374812
135378234
135405591
135407316
135415082
135416413
135444565
135444504
135450576
173343652
135474615
173349687
173346300
135489553
135505605
135517146
135519410
135550424
135556238
135563186
135567189
135573408
135607996
135615316
135615806
135632030
135627175
135638025
135639361
135644327
135658378
135664987
135679778
135681236
135687537
135693082
135706557
135688457
135730154
135737025
135747569
135779881
135782604
135800405
135800732
135802130
135810897
135823599
135831749
135834696
135835145
135846767
135858745
135861306
135859793
135867045
135882415
135920326
135928105
135926625
135942110
135950492
136016875
136010372
136018519
136035829
136058484
136079143
136085884
136089968
136088696
136108838
136109712
136139755
136170421
136061320
136180757
136202746
136196646
136219265
136227303
136227743
136255030
136255269
136277561
136284121
136306296
136308162
136310972
136311485
136311827
136325618
136337098
136348755
136361659
136373723
136373979
136395366
136396204
136396440
136420958
136345558
136426929
136435686
136446721
136449454
136449677
136451058
136452790
136458835
136480040
136476506
136481794
136497315
136511218
136519474
136520829
136525025
136529030
136556868
136567227
136579355
136582590
136601850
136626390
136628987
136629011
136651772
136667767
136676261
136681161
136686600
136690677
136707135
136727846
136717114
136736572
136741844
136743074
136746479
136763291
136773727
136789051
136762262
136805761
136811720
136813350
136776844
136824716
136784300
136831650
136870235
136886655
136897267
136900494
136904511
136912228
136913154
136921272
136922782
136930866
136936986
136936244
136948337
136952208
136955027
136960339
136991419
137006115
137006744
137015556
137023237
137038095
137052520
137049044
137052196
137066273
137077300
137083407
137092692
137094311
137094862
137095089
137112971
137120236
137129790
137126150
137163110
137192003
137197528
137207855
137212273
137224878
137228572
137238003
137252264
137267269
137292054
137336755
137352864
137390315
137391944
137421223
137424933
137425220
137431776
137435814
137434464
137438436
137438914
137446501
137463102
137504338
137527943
137529013
137532823
137546054
137557953
137561029
137584768
137590670
137600467
137602828
137623566
137631865
137705535
137715486
137722391
137722297
137731947
137743870
137748016
137773951
137774249
137792997
137814272
137851647
137861231
137864479
137841766
137867302
137845329
137890863
137940268
137975846
137980222
137990042
138000247
138035847
138036981
138045363
138072429
138067701
138094816
138103008
138122120
138160625
138168635
138179077
138180397
138180822
138187802
138196153
138205818
138208610
138216099
138222449
138229524
138229801
138236581
138238648
138244416
138249967
138265499
138270627
138291518
138327316
138380166
138381708
138393793
138400298
138401817
138414516
138465829
138469857
138482441
138507975
138532459
138569401
138654768
138659118
138675053
138686686
138694790
138692004
138698046
138698191
138704339
138724493
138726595
138783244
138796831
138800803
138824046
138829510
138845019
138877020
138884869
138889405
138889304
138913338
138932882
138934234
138937086
138982312
138991883
139026278
139029743
138901163
138931034
138946705
139074810
139078291
139084794
139086378
139087085
139092684
139093711
139137994
139143615
139150685
139156821
139164495
139190910
139192297
139195893
139222276
139230980
139261251
139271523
139274974
139242818
139247516
139288014
139298575
139298751
139306266
139314501
139330445
139349031
139353004
139354421
139375208
139423830
139441625
139437143
139478509
139495279
139497207
139510761
139533444
139552405
139559026
139559001
139559032
139561776
139561949
139565224
139576501
139580196
139586207
139565981
139598755
139600067
139602116
139608755
139603421
139616900
139622196
139623180
139623219
139625533
139634958
139639968
139619710
139645570
139654098
139671259
139686665
139689656
139719551
139784968
139787610
139787747
139790698
139821241
139838541
139838843
139853181
139868758
139872866
139877764
139877218
139899852
139909572
139909644
139931630
139931683
139942825
139949579
139946650
140021258
140031674
140035268
140036664
140043921
140051147
140068037
140076224
140078745
140100405
140114283
140123453
140125949
140150316
140151211
140169559
140175565
140177881
140183205
140193533
140193697
140165829
140195703
140212472
140224207
140236844
140227164
140267185
140239755
140285810
140296262
140304321
140295120
140337331
140308279
140344207
140350488
140360829
140361243
140356954
140358428
140363312
140370908
140403421
140404789
140404855
140422212
140433214
140436831
140432232
140442418
140449176
140455876
140456022
140474888
140483635
140494212
140499709
140504694
140543971
140525708
140556682
140544721
140600509
140606301
140585750
140620174
140634338
140608526
140651167
140642352
140626377
140663792
140673117
140691992
140712846
140720690
140726740
140739964
140741527
140754457
140765812
140801367
140814171
140820556
140841942
140843975
140880595
140912171
140917039
140935607
140966676
140966871
140969682
141001196
141006715
141016270
141022513
141038953
141054090
141055928
173376220
141079518
141090040
141090434
141100472
141103090
141103129
141107590
141109595
141123658
141132766
141133039
141135348
141136457
141137437
141158088
141160457
141165615
141168185
141132308
141138128
141186679
141196677
141204756
141174280
141209481
141227123
141229785
141238483
141246514
141235709
141262472
141257697
141276596
141277600
141297122
141355518
141350146
141370346
141373162
141385983
141384563
141388438
141400269
141434818
141444071
141462001
141468711
141469366
141501548
141532445
141551067
141566162
141568756
141571063
141573712
141583780
141585921
141587022
141588548
141605545
141614041
141615799
141626536
141630058
141631955
141661628
141633340
141686002
141704336
141717844
141737415
141741269
141778715
141779933
141775584
141782844
141784762
141785370
141786537
141793589
141798365
141802714
141809688
141809660
141828175
141839679
141850116
141850281
141850209
141872902
141895011
141913384
141924369
141925891
141935632
141943068
141952401
141955892
141943798
141990992
141995809
142003786
142007495
142010808
142017773
142021632
142028555
142045681
142047511
142054121
142057359
142062898
142063140
142066556
142104635
142099975
142116665
142172736
142180346
142184041
142242088
142241971
142245925
142247018
142266526
142286034
142307940
142311502
142316524
142316625
142320534
142325042
142330405
142337256
142337440
142338782
142342477
142358684
142374219
142389818
142387493
142398056
142474839
142521436
142522712
142540573
142543503
142549781
142554424
142557133
142560464
142564508
142572278
142571406
142591158
142593064
142593522
142596319
142608368
142575419
142611268
142635399
142664809
142685052
142700771
142708769
142710337
142715403
142716244
142526039
142730108
142754075
142758932
142760590
142765168
142766758
142773089
142774885
142790450
142792130
142796830
142798491
142809509
142813540
142830918
142791009
142863387
142910824
142916354
142922041
142931169
142931217
142931421
142931314
142937380
142945791
142954791
142989605
142992630
142993377
142996044
143009712
143013267
143021080
143023147
143029107
143029544
143042232
143054366
143054506
143054453
143088662
143107205
143111339
143097401
143139587
143128699
143129053
143161585
143146218
143176385
143178637
143180920
143141647
143204742
143178083
143180245
143209963
143228956
143203644
143258666
143258964
143269317
143272622
143284949
143293586
143296003
143298230
143399885
143440837
143462168
143461644
143469079
143513489
143531361
143534502
143546289
143549068
143590488
143600129
143585891
143587127
143616746
143604219
143622635
143621038
143643426
143684630
143705879
143709348
143752466
143740976
143766514
143768199
143771524
143763022
143763758
143807474
143782994
143790180
143827020
143817149
143877960
143887702
143852743
143913732
143922428
143913673
143930797
143886935
143903833
143967681
143976909
143999070
144009174
144008907
144015969
144028778
144033527
144035218
143959867
144057660
144071505
144088269
144127554
144156159
144155022
144197318
144208829
144212461
144193224
144240663
144243683
144244715
144247348
144257772
144264353
144288071
144291100
144306324
144339222
144343859
144351978
144357262
144373139
144382527
144383686
144392157
144393272
144354208
144424212
144428893
144429744
144450543
144455279
144457595
144462335
144463330
144480168
144483902
144489716
144490131
144498364
144507708
144517435
144522940
144527233
144544026
144582317
144632827
144634946
144733652
144748484
144748672
144749717
144760836
144768752
144776612
144783001
144785614
144788316
144786627
144800814
144798142
144797643
144805011
144807309
144793435
144802598
144802563
144815763
144921140
144935021
144949168
144976344
144995747
144996278
144997506
145005603
145008900
145022763
145025515
145033489
145033990
145037616
145042306
144985461
145047783
145060223
145032700
145072492
145140728
145142720
145167186
145170289
145170761
145181047
145187538
145198336
145200405
145214613
145240482
145242602
145244343
145244671
145252428
145256229
145257417
145258021
145220950
145286843
145256381
145296318
145302714
145329723
145331022
145339816
145347914
145354716
145360515
145371557
145380457
145380815
145399888
145403470
145404372
145405141
145409671
145423906
145425686
145437208
145440204
145443493
145455956
145459549
145463906
145466744
145471433
145475254
145493381
145542382
145545162
145537140
145555088
145578543
145589305
145598380
145653916
145655063
145678079
145706153
145712665
145718232
145808225
145820997
145730059
145841458
145849498
145869226
145889082
145895168
145895731
145897809
145928050
145930618
145939972
145947274
145947651
145948326
145948852
145952997
145972861
145980484
145980306
145994123
145994275
146018976
146023896
146059862
146081700
146082021
146092096
146092894
146114545
146122063
146126791
146146267
146168140
146164973
146172151
146172366
146190665
146199296
146199447
146200783
146209613
146226170
146226248
146235055
146222022
146252858
146294395
146282750
146305458
146328303
146336796
146388181
146397466
146406715
146427176
146422692
146431093
146397243
146369625
146407207
146449197
146374278
146462690
146469318
146458456
146453595
146473140
146487971
146490707
146518144
146520214
146530325
146533826
146536669
146538131
146531056
146555084
146538321
146557329
146568558
146568726
146575986
146556652
146578466
146601396
146605144
146606771
146605240
146606206
146637302
146668364
146671753
146685925
146637935
146654958
146680418
146697299
146719230
146729453
146746251
146762666
146764459
146768720
146774103
146776152
146777884
146791422
146799172
146817299
146821407
146824164
146825003
146845788
146853984
146879680
146886449
146891278
146893458
146900089
146920367
146918203
146895077
146938364
147023339
147027354
147059004
147066667
147041689
147046446
147048883
147074599
147095204
147095357
147107517
147110431
147068139
147118303
147083065
147076268
147117388
147165090
147169365
147189930
147156286
147210798
147173636
147258723
147281628
147282762
147212169
147296022
147319055
147323899
147258836
147338027
147324725
147346077
147346784
147353826
147374675
147379842
147380890
147382461
147393685
147394129
147397497
147401740
147398170
147412088
147415126
147415450
147424342
147348582
147423844
147458542
147469102
147433528
147486226
147519213
147524848
147535132
147545778
147559837
147573388
147577855
147577601
147583799
147583851
147592421
147595306
147598199
147599039
147602385
147614520
147620241
147621088
147624776
147627400
147584230
147637011
147641439
147648019
147648577
147648530
147669755
147696213
147704501
147714596
147723085
147752718
147762093
147763911
147778786
147787388
147796027
147796377
147796987
147801625
147807688
147813119
147819983
147830078
147833434
147835851
147843930
147850438
147856906
147861432
147873101
147877445
147901970
147908283
147929592
147930984
147946862
147965899
147967764
147968343
147973497
147987598
147986086
148005385
148019279
148027244
148033182
148039072
148041385
148066892
148062427
148076272
148088282
148093015
148094194
148106054
148109785
148110491
148103525
148125483
148129672
148176479
148175434
148184147
148197450
148195013
148216923
148222755
148222719
148240950
148258137
148272809
148274447
148289493
148286819
148296729
173393926
173395867
148321541
148321524
148339496
148340351
148345876
148345708
148353364
148355821
148358152
148361542
148365337
148368209
148368725
148371193
148377032
148383675
148458846
148463516
148483378
148499762
148508956
148525834
148550861
148563941
148565447
148574088
148574237
148578467
148583135
148586139
148586544
148587060
148594482
148598882
148601738
148615459
148632214
148637056
148639284
148648950
148663146
148667244
148663511
148675119
148688165
148693152
148701776
148720058
148739176
148741545
148750876
148754108
148760017
148766476
148773474
148776208
148777062
148778423
148784099
148788820
148789437
148789757
148792263
148796010
148798461
148799895
148811134
148814067
148813935
148829005
148827541
148840448
148915581
148930821
148954243
148954279
148955444
148948241
148973073
148974566
148975131
148977044
148997769
149001506
149012325
149029740
149048503
149056646
149070009
149062892
149072484
149073000
149068274
149072379
149073229
149079108
149075875
149081210
149083149
149083343
149089731
149089964
149098944
149103764
149116388
149130980
149204715
149206093
149195426
149224683
149228063
149227173
149228689
149251337
149232375
149254222
149234248
149262197
149286546
149279414
149289052
149309229
149312753
149320648
149340203
149368414
149365194
149376199
149378847
149392435
149397491
149420525
149418167
149433897
149442516
149461462
149499912
149502085
149515505
149519703
149539061
149542658
149546121
149547778
149552195
149560538
149589735
149596189
149596337
149620332
149627483
149627450
149634263
149641965
149662275
149665819
149666132
149669273
149673985
149674513
149716956
149726030
149735537
149735889
149739281
149757456
149759676
149765607
149781191
149789371
149796058
149803508
149811440
149816085
149814291
149829487
149822148
149836549
149848423
149854423
149874687
149877866
149888646
149897070
149897276
149910891
149922637
149941168
149967191
149975335
149987738
150000605
150001703
150002937
150007257
150012674
150020459
150024455
150032020
150046412
150052214
150047795
150084325
150084329
150092907
150118904
150134267
150137781
150149227
150155877
150173276
150177626
150177732
150180498
150193191
150193664
150193719
150195916
150203378
150201302
150207608
150222131
150257109
150209527
150291734
150291970
150304364
150305117
150314319
150322472
150329221
150347535
150357848
150382588
150380060
150389008
150390657
150400793
150405766
150416683
150457529
150464510
150481578
150484241
150492057
150515134
150517623
150526370
150533782
150542247
150555620
150564671
150567708
150593282
150600911
150602187
150585560
150597215
150604346
150615563
150630348
150652113
150658819
150659958
150660154
150691362
150691827
150697299
150699024
150702335
150713982
150718897
150741040
150749601
150761921
150762016
150776115
150782440
150787695
150787766
150791869
150788279
150837552
150839629
150841327
150850898
150851092
150861303
150863456
150866851
150873686
150873534
150873667
150876724
150880383
150891021
173390350
150902836
150915734
150919738
150927965
150931464
150944524
150945916
150956619
150957318
150960099
150982250
150984492
151001774
151004181
151029277
151054560
151063255
151065552
151071868
151075899
151077124
151082048
151086803
151091875
151091951
151098322
151102247
151105868
151106173
151106871
151110198
151111289
151111549
151128288
151112154
151137249
151137702
151143521
151153201
151153515
151176702
151187994
151194506
151217340
151220507
151225353
151237081
151245463
151246301
151262099
151266095
151291543
151294447
151297996
151320874
151319351
151320920
151317952
151345383
151332946
151346292
151335699
151355562
151358985
151360859
151362990
151371191
151382794
151384057
151396750
151406321
151405896
151407198
151411198
151411814
151416331
151418353
151438755
151438042
151443504
151443936
151446101
151463704
151483620
151531421
151534526
151543383
151568336
151569696
151576939
151598825
151607212
151615092
151612901
151659622
151663654
151663469
151675118
151676996
151683948
151685939
151689457
151704275
151724037
151732128
151764168
151764429
151766969
151770588
151774117
151798013
151814168
151824215
151857324
151865995
151895878
151901360
151905188
151906479
151911341
151914150
151923789
151932668
151936189
151937211
151946160
151945877
151947501
151950544
151950775
151951679
151952588
151957418
151968486
151991797
151990598
152052280
152066793
152070978
152068498
152092300
152103406
152085085
152108939
152087749
152110585
152110718
152114565
152143287
152125684
152127229
152170826
152165336
152165537
152211768
152222768
152228574
152216934
152246422
152249097
152255250
152230530
152257716
152257753
152261508
152310682
152329831
152341816
152356722
152383069
152393100
152393111
152425220
152432000
152438658
152456927
152458277
152466668
152466971
152472351
152478907
152479395
152491618
152492322
152483023
152492776
152487590
152474768
152504629
152531743
152534811
152535665
152559084
152561228
152563024
152580479
152569828
152572600
152594867
152579403
152596598
152605567
152606273
152611947
152602040
152626268
152628402
152631057
152633813
152633835
152635821
152625106
152630603
152642351
152645407
152645464
152640547
152657223
152657140
152657284
152679464
152679949
152688925
152693316
152697256
152681252
152693118
152719029
152697046
152735296
152749019
152779489
152773200
152782359
152798718
152806982
152834158
152843432
152846767
152861109
152870337
152882672
152884301
152884504
152885598
152891674
152891618
152892293
152893024
152895387
152899830
152900080
152900330
152899864
152901352
152901598
152902234
152904868
152907759
152911683
152911721
152912300
152923020
152925284
152936797
152953811
152953427
152969284
152978271
152987379
152987717
153013717
153029397
153047022
153049354
153051449
153056551
153075494
153079759
153073459
153090221
153096015
153107830
153108933
153115926
153119518
153118234
153125676
153128130
153128858
153131125
153144498
153152695
153155376
153156090
153162906
153183341
153195575
153187713
153220059
153223991
153226783
153251945
153253692
153179155
153262039
153262447
153264561
153294282
153297586
153298242
153298555
153325477
153330778
153356558
153374178
153385666
153387318
153378610
153393502
153387463
153409192
153409053
153413856
153423340
153440793
153443033
153458361
153468063
153506848
153513576
153522413
153526799
153535951
153547809
153549438
153553337
153558380
153562011
153601639
153603069
153604011
153604709
153600926
153606430
153608714
153611864
153611996
153629271
153637929
153630568
153632425
153642960
153647145
153657499
153665460
153682027
153689066
153761992
153762831
153753697
153762061
153806490
153823219
153826557
153835119
153885231
153871897
153893191
153881135
153900756
153883902
153888545
153889717
153914190
153915113
153920770
153946206
153951067
153951405
153935962
153974560
153979892
154000893
154030000
154049915
154075596
154076467
154088737
154098916
154111072
154115473
154125109
154131471
154138481
154138446
154145292
154152029
154169909
154189687
154189698
154150863
154214743
154274475
154280401
154280421
154280623
154281743
154301575
154284718
154307881
154312057
154313078
154325032
154325509
154326478
154329417
154321954
154343976
154348889
154360927
154361292
154370889
154376793
154377171
154378589
154385289
154389065
154389263
154392755
154395406
154369566
154378025
154404060
154404311
154384580
154420608
154470207
154480506
154480581
154516608
154518707
154581393
154591752
154593990
154604556
154604787
154619673
154621325
154624217
154641273
154659673
154669911
154664563
154682277
154685086
154687306
154706134
154706694
154714356
154739596
154742432
154752195
154756753
154765067
154739984
154772856
154760277
154804968
154819168
154857750
154868005
154872008
154901527
154896345
154909207
154914770
154920494
154949097
154949385
154993487
154995142
154983911
155011967
155013574
155014045
155076267
155076645
155117452
155144647
155166525
155162963
155163209
155168382
155178430
155189730
155193080
155196031
155194651
155206689
155227015
155232404
155220222
155239687
155243467
155230802
155251406
155302593
155312275
155323635
155327236
155381308
155382612
155389828
155392464
155398600
155410977
155412632
155416896
155419572
155419607
155419653
155422645
155423917
155424048
155430743
155434739
155441721
155446162
155465342
155465618
155469397
155462429
155468647
155469843
155470101
155477222
155505434
155506103
155527632
155532227
155536844
155549000
155549177
155549044
155549734
155563014
155552653
155556662
155562074
155575895
155576187
155578060
155579990
155594195
155601799
155601874
155584018
155611524
155612520
155622310
155616844
155624229
155623289
155629403
155623398
155654651
155656741
155660079
155664949
155666037
155674416
155681256
155691527
155697845
155698026
155734096
155765736
155803694
155875635
155882372
155882358
155901088
155902066
155906606
155914100
155925091
155918001
155917868
155950603
155959462
155964760
155962235
155967610
155973768
155976591
155988342
155982568
155998869
156005279
156016073
156015739
156013577
156014113
156018518
156034710
156030459
156047829
156087613
156068071
156102845
156147415
156180736
156181994
156157435
156201142
156204527
156210481
156216272
156229902
156226788
156255798
156256906
156260513
156265179
156268620
156277494
156247800
156282433
156267351
156293087
156300430
156354804
156364636
156364537
156381429
156385305
156385539
156392047
156394754
156407436
156407421
156407476
156407456
156407532
156402135
156415059
156425747
156440864
156442799
156458422
156466679
156470662
156484269
156487511
156492112
156498361
156446802
156449194
156505066
156511081
156506529
156516140
156517670
156527733
156547105
156572993
156579123
156587379
156594185
156603639
156607457
156628344
156649223
156653157
156653912
156676861
156694914
156698565
156699163
156705400
156704678
156709202
156711902
156714462
156738125
156752473
156750269
156781671
156783205
156807864
156808675
156810254
156810401
156810206
156808957
156812478
156814959
156816226
156819400
156824329
156824210
156825986
156846002
156847894
156847783
156854267
156857753
156864250
156858513
156871855
156875669
156879509
156879543
156884825
156888764
156889102
156889278
156890722
156896123
156925603
156943071
156948360
156943880
156945623
156978508
157036353
157070619
157076414
157101025
157106660
157106753
157108338
157109915
157120412
157137690
157147046
157149726
173412144
157164637
157169237
157205028
157214946
157200152
157200399
157230165
157243480
157247145
157238116
157292003
157292567
157303055
157328327
157307981
157309930
157338286
157335075
157356076
157355512
157361497
157364378
157369580
157384908
157388301
157415916
157390216
157392165
157403353
157427860
157458727
157475209
157486603
157492733
157499057
157504355
157510551
157512378
157486000
157524197
157490949
157533528
157535306
157506102
157507226
157514939
157581631
157582056
157584469
157590159
157607097
157610652
157612439
157620831
157624212
157610603
157626208
157706153
157706044
157662673
157666944
157668443
157725135
157728918
157734137
157698342
157802750
157759418
157766821
157776810
157791325
157791430
157848004
157843188
157884151
157879507
157893637
157929702
157893673
157939198
157948353
157930679
157965719
157974825
157980980
157990727
157996267
157998980
158000228
158000017
157999951
158032823
158040260
158087543
158084966
158090082
158094650
158095762
158100584
158107175
158134729
158151438
158148839
158176104
158178123
158196021
158196936
158205859
158214920
158232831
158250475
158236416
158256492
158258682
158255687
158277980
158287112
158286567
158293829
158293868
158331182
158337861
158366803
158432967
158440604
158392322
158439364
158446928
158494963
158498380
158502575
158514280
158514433
158515527
158539354
158553818
158563674
158523811
158529317
158571016
158578308
158536885
158590879
158618286
158589637
158591637
158611016
158624197
158596871
158626968
158633354
158649853
158642415
158676023
158724755
158747937
158749565
158735994
158777717
158754208
158801834
158803345
158777928
158780206
158809137
158813075
158814635
158791379
158803979
158810787
158849442
158849110
158850918
158858620
158858635
158894378
158907896
158957824
158970143
158970910
158981349
159038249
159054195
159058017
159060867
159053052
159112464
159116064
159154561
159162391
159163013
159172078
159183802
159208400
159244695
159247701
159279062
159281470
159297870
159308463
159313466
159326451
159335108
159348768
159362533
159374211
159389417
159390711
159406549
159418492
159425535
159442009
159460051
159476258
159477712
159488004
159489278
159490142
159512980
159513208
159529230
159515444
159532009
159520070
159581014
159640902
159651266
159656360
159673352
159676756
159674659
159676559
159680135
159680898
159685825
159689781
159689489
159700023
159689925
159716568
159718660
159726580
159735823
159747060
159753991
159778105
159781775
159784280
159786186
159787717
159776925
159794895
159837768
159841684
159841705
159844039
159849834
159893887
159902041
159905938
159919985
159924022
159930132
159958235
159955866
159983202
159983157
159986872
159995480
159995732
159998481
159998569
160024602
160028094
160029555
160012925
160015154
160026158
160026284
160027327
160028204
160031558
160058779
160057885
160079698
160088360
160104988
160108164
160134074
160159878
160161717
160163897
160164830
160172197
160172333
160177106
160178067
160178304
160187748
160194019
160204321
160201702
160214438
160222703
160226757
160224426
160244071
160249117
160275282
160276050
160282151
160291763
160316668
160343778
160346285
160344626
160352194
160363404
160371460
160372905
160377122
160377556
160378037
160383169
160390670
160396570
160403072
160415278
160416378
160427705
160430801
160431347
160438143
160438521
160445852
160447018
160459479
160464053
160464369
160471999
160475105
160487633
160489216
160505688
160511945
160507288
160524482
160523095
160552309
160553543
160554336
160534177
160555671
160572116
160599558
160601459
160608777
160591640
160618007
160621116
160605950
160622914
160610057
160627357
160614271
160620679
160636241
160629626
160664669
160666239
160678469
160671751
160695541
160695813
160696217
160733001
160734142
160760757
160761411
160778549
160780407
160781368
160788771
160789846
160784254
160791713
160809643
160806691
160813109
160839881
160827514
160829044
160833170
160849792
160836999
160859066
160872707
160856313
160857370
160866613
160870175
160885732
160910775
160915041
160919125
160923346
160916111
160923989
160954938
160957725
160971353
160975772
161011139
161017234
161017152
161040451
161022748
161050702
161059314
161045210
161058647
161076281
161058356
161110956
161114554
161125646
161126000
161127912
161147205
161163997
161197454
161190093
161216649
161237771
161242675
161249525
161280046
161281514
161285199
161289360
161290968
161295943
161298489
161310956
161315126
161332812
161369841
161370176
161375652
161378193
161383510
161377575
161383704
161385331
161403566
161404482
161411753
161420430
161429127
161427924
161429346
161433912
161451180
161469499
161480340
161479959
161487133
161499794
161531883
161539343
161537498
161537449
161552043
161559123
161549951
161563822
161597847
161603089
161604083
161601703
161652082
161652643
161680959
161683969
161684280
161697100
161698877
161700992
161718521
161728491
161755312
161757150
161761068
161773962
161783292
161786286
161787666
161814487
161828365
161858268
161867544
161890707
161911230
161906937
161917190
161915294
161916127
161936674
161966116
161955720
161967163
161965122
161972002
161977121
161991738
161994745
161994708
162006174
162012990
162016106
162025677
162019095
162054974
162055296
162057886
162052552
162048054
162054003
162056971
162056933
162057011
162069593
162127467
162106626
162109176
162140922
162141497
162141797
162148986
162142089
162153439
162179144
162176991
162177640
162197509
162198986
162201239
162202406
162203072
162186743
162211072
162210978
162205078
162237370
162240030
162221576
162233781
162262175
162262205
162269109
162243903
162272538
162272486
162272787
162272766
162275680
162250437
162277573
162277639
162265231
162258007
162267720
162261976
162271257
162310496
162313948
162317743
162318424
162323484
162324136
162325991
162340223
162345334
162352665
162374505
162375569
162371683
162373831
162360332
162361222
162361560
162371746
162378208
162379193
162388385
162401016
162402221
162427436
162419968
162431562
162434107
162435106
162440265
162446480
162434379
162452827
162456259
162458595
162458449
162449690
162471109
162471520
162455477
162482186
162483111
162485043
162488270
162469966
162493881
162504909
162507874
162512043
162516015
162510318
162552591
162553440
162556080
162547171
162548378
162551467
162555310
162568577
162570985
162574767
162583967
162594296
162574513
162598886
162604898
162586179
162606997
162607695
162607618
162612895
162613807
162605299
162609407
162622388
162628999
162629520
162637205
162632482
162643587
162650210
162651985
162663766
162673185
162679258
162664413
162667553
162702443
162677154
162719025
162719042
162716643
162722477
162724075
162724346
162726588
162745256
162753855
162754276
162755190
162755476
162763224
162767089
162770105
162770167
162770261
162783863
162791611
162833451
162823131
162844887
162850219
162856618
162859521
162862548
162886962
162874977
162890119
162906378
162906432
162906336
162908422
162911426
162922550
162932322
162934435
162934469
162914891
162936459
162952297
162956256
162980548
162925945
163027215
163036412
163070330
163093987
163091080
163114578
163142693
163145141
163136208
163158353
163162965
163186165
163205728
163215800
163231582
163214751
163217209
163218562
163222142
163224534
163224397
163247250
163255815
163257443
163257439
163297001
163297007
163294986
163276238
163351381
163331002
163362929
163377973
163363418
163373983
163393867
163394375
163394682
163381997
163382989
163415437
163415560
163419111
163419559
163424645
163425983
163455753
163468952
163469676
163485757
163494597
163508665
163508691
163511127
163513278
163516385
163516443
163520905
163521555
163501838
163506990
163531520
163531545
163536665
163523971
163527006
163546791
163529025
163549919
163550209
163557325
163542765
163560410
163564293
163547796
163566060
163567644
163576367
163586906
163555389
163562289
163593987
163585128
163604027
163605581
163606825
163595365
163596166
163617603
163605646
163619420
163645794
163652353
163629432
163660372
163637752
163640081
163669314
163642483
163671073
163673304
163651063
163617640
163684964
163686354
163687095
163655641
163664472
163673177
163677563
163680941
163688303
163708969
163720122
163734869
163741441
163751279
163758613
163783374
163808722
163801186
163821031
163830995
163838099
163840219
163829535
163844245
163849332
163860089
163877071
163902567
163907491
163911904
163888140
163912162
163921469
163926611
163941552
163932171
163972990
163988818
163983453
163994826
164011154
164017718
164022759
164022279
164024570
164076786
164077635
164077898
164078064
164086124
164092339
164079893
164084380
164124130
164103894
164148495
164148641
164150776
164132247
164135118
164163345
164204439
164229806
164256246
164282886
164282575
164316189
164335759
164348942
164363582
164363202
164390233
164390198
164407019
164411222
164384451
164395393
164420406
164424900
164411724
164440696
164426706
164443624
164471683
164487166
164456260
164463115
164463183
164469741
164507110
164510091
164551829
164566189
164612256
164604089
164631818
164626755
164641780
164642663
164673238
164660361
164669015
164681962
164704650
164706394
164706516
164692052
164744463
164719093
164729492
164736469
164765624
164771053
164707372
164781545
164790887
164771111
164785766
164841730
164848386
164844781
164870208
164873491
164859274
164876725
164882877
164887908
164884516
164896133
164897564
164938458
164938488
164964735
164970004
164971031
164973718
164950529
164951104
164995152
164978824
165027805
165029683
165034017
165014678
165054647
165061772
165067429
165096163
165102375
165121078
165140051
165131526
165158501
165169023
165174152
165187109
165157035
165200105
165186146
165231971
165233056
165248995
165253228
165256249
165245343
165245700
165253315
165290994
165298978
165300080
165301358
165274525
165261468
165311779
165319921
165321891
165345414
165361577
165365137
165380791
165388698
165394171
165394344
165396822
165407319
165407829
165410220
165398537
165403355
165443551
165455773
165444427
165466222
165472988
165475006
165479770
165465845
165466439
165469545
165488506
165478345
165477561
165501351
165508158
165516523
165526395
165528144
165529452
165511979
165536485
165542179
165546759
165547704
165547921
165549095
165561252
165532680
165584115
165570718
165592536
165605056
165547917
165687319
165690258
165712024
165723863
165748883
165793315
165798478
165858668
165866478
165871658
165876114
165887572
165859664
165894646
165904762
165905689
165905746
165872981
165915917
165888650
165925061
165925201
165910648
165916689
165952383
165971010
165973811
165977844
165982897
165989601
166000665
166021663
166019739
166010261
166064567
166050592
166098795
166087394
166108348
166112207
166112225
166120173
166111836
166146600
166136950
166164536
166154094
166185517
166162705
166167419
166156997
166200688
166202343
166204059
166233558
166237039
166183094
166247396
166262638
166259704
166267835
166266410
166279203
166279678
166285125
166293276
166298422
166299310
166305799
166288765
166311047
166295253
166298485
166311540
166338871
166352546
166356126
166358537
166377337
166377716
166377995
166381155
166381787
166397339
166388557
166406917
166395571
166419907
166404877
166419027
166469893
166483530
166484983
166470173
166517099
166548950
166544729
166553488
166553969
166569383
166562624
166563678
166571098
166571064
166576458
166577125
166578168
166578500
166579644
166581985
166582080
166584266
166586119
166589308
166604498
166607502
166619750
166619855
166623670
166617063
166617352
166591976
166635487
166630990
166636081
166648699
166654303
166655042
166672340
166678440
166680046
166680282
166682332
173424619
173452707
173452693
173459362
173465160
173469359
173472706
173515777
173516873
173522698
173524838
173535748
173549803
173549593
173575889
173578195
173574809
173595867
173617024
173613485
173616350
173620507
173645111
173655501
173667459
173677022
173684029
173689904
173702336
173780812
173780821
173789629
173791145
173792485
173776743
173813466
173814843
173821289
173826206
173817396
173821230
173833179
173844688
173854151
173851620
173856304
173860007
173859987
173868503
173880955
173872516
173889917
173890329
173895262
173918600
173913190
173913673
173927022
173922315
173934134
173942461
173962155
173966039
173971939
173976155
173977478
174010531
174012408
174005700
174007144
174011302
174013917
174026825
174026848
174016558
174019000
174034825
174035366
174040114
174026789
174050623
174047169
174055947
174060612
174069908
174084856
174092195
174104116
174105455
174115103
174118984
174127050
174127208
174127740
174126877
174137860
174140367
174143655
174144462
174144110
174144099
174162048
174160870
174163672
174169928
174204684
174216573
174233514
174249267
174279885
174283707
174296143
174300387
174308972
174321398
174324219
174324195
174324830
174338000
174353331
174345207
174371936
174378041
174380124
174383404
174388212
174393369
174395252
174399100
174417748
174426536
174439503
174441648
174442437
174447604
174451424
174474011
174488345
174488931
174501140
174506586
174506588
174474667
174529304
174536042
174535826
174567053
174563434
174576903
174584691
174596243
174608505
174612079
174613288
174617128
174628657
174639039
174640914
174644612
174652031
174677359
174684516
174702959
174741102
174747919
174751552
174721844
174766742
174768883
174771001
174697692
174777438
174816403
174822321
174828171
174828630
174834538
174834845
174837520
174839208
174841804
174845843
174848538
174836399
174864922
174920466
174928267
174927254
174929784
174940145
174940551
174940674
174947847
174959142
174964426
174985187
174997486
175010508
175014450
175020202
175021675
175037634
175040746
175054757
175049631
175057471
175071076
175071109
175087030
175087172
175032311
175089031
175098371
175098867
175102564
175103285
175116582
175116634
175111526
175150867
175151084
175157438
175159287
175167117
175171948
175192931
175195342
175200367
175207384
175217754
174941659
175245566
175246594
175245969
175258212
175271005
175274229
175275001
175286013
175286343
175287960
175294899
175307056
175322735
175316916
175323768
175321278
175334908
175337521
175285565
175343001
175362335
175364946
175351811
175370391
175370381
175370386
175371125
175396440
175419853
175429681
175433972
175434218
175441522
175447782
175393083
175459779
175487917
175493643
175496582
175508624
175511275
175510985
175512860
175516126
175528003
175535420
175535712
175548406
175225516
175591372
175595363
175595437
175601360
175635747
175639889
175646638
175653466
175656431
175650922
175664894
175658317
175668105
175666785
175678777
175678755
175703531
175713230
175720135
175725395
175728119
175730156
175711025
175738169
175741914
175727661
175753887
175760371
175761715
175755573
175780628
175787400
175875531
175877757
175877759
175882831
175884092
175887282
175892041
175894693
175897097
175912148
175912425
175912437
175913074
175918309
175939112
175931973
175946365
175947782
175948480
175945762
175947726
175969374
175973126
175978871
175989522
175994608
175994865
175995404
175999418
176003675
176006686
176014530
176017807
176019224
176012752
176050540
176047382
176052684
176083722
176088095
176111580
176129635
176133072
176143371
176147852
176147734
176159676
176166600
176185060
176185564
176187898
176192449
176211772
176232420
176243070
176245144
176262850
176264169
176281144
176287108
176293825
176297945
176306744
176325553
176363235
176364190
176365445
176365609
176371288
176376208
176377119
176388652
176390448
176390523
176393855
176394481
176403219
176424404
176424738
176437307
176454574
176455856
176459713
176469530
176474134
176486647
176487521
176492506
176499487
176502164
176493147
176523152
176538013
176540111
176544767
176550970
176555326
176564900
176572304
176575538
176556344
176561330
176586978
176592561
176592589
176593982
176639725
176645836
176645801
176656491
176578294
176672430
176672441
176665692
176695225
176700753
176707879
176707750
176696836
176721723
176730486
176752005
176754547
176798446
176704469
176813182
176815669
176821209
176822197
176830035
176831532
176827958
176830443
176842517
176846450
176851749
176868655
176870518
176870766
176875440
176879729
176885386
176885418
176893455
176865256
176923481
176889973
176915409
176916123
176966894
176974012
176985861
176993795
177000808
177002259
177010035
177011429
177026052
177035546
177036938
177037526
177039737
177049136
177049116
177055375
177044756
177068806
177069168
177069547
177069592
177073189
177073697
177081784
177088641
177096045
177094798
177094804
177101322
177115508
177122322
177143979
177147841
177176232
177183223
177184162
177188182
177191953
177194159
177194696
177194663
177198758
177200511
177205645
177205622
177210972
177212670
177221684
177225526
177227296
177231042
177260891
177296519
177306690
177316140
177316780
177318539
177334977
177336676
177332781
177344099
177353493
177353571
177367451
177366332
177397861
177402080
177405048
177423020
177423772
177426388
177427949
177434285
177434951
177445741
177449994
177461162
177472118
177472876
177474613
177470879
177488309
177490472
177491641
177498990
177487316
177510011
177510369
177523256
177525399
177521206
177559470
177562459
177570862
177572995
177577930
177567528
177587657
177595849
177596069
177603458
177603937
177606391
177608323
177608301
177592779
177621750
177627349
177627397
177632199
177634228
177634544
177612383
177643790
177648859
177661733
177663034
177689538
177700514
177705349
177708723
177763161
177766735
177766821
177769942
177776384
177767613
177787352
177788701
177789861
177794841
177802185
177803892
177807087
177807834
177814717
177809195
177816822
177824553
177814405
177833633
177847035
177847933
177859132
177843486
177896626
177912516
177918980
177925394
177932211
177933409
177935338
177935370
177936437
177935749
177947276
177954567
177960846
177962331
177950287
177904553
177911846
177975376
177990918
177991158
177668614
178013143
178013765
178035148
178052477
178060781
178071305
178072095
178073872
178074724
178081161
178047915
178094440
178100427
178098152
178102403
178107910
178115635
178141227
178143596
178091680
178151140
178170710
178186005
178162418
178193243
178194117
178197344
178201772
178202546
178203849
178207350
178212769
178213035
178223241
178223288
178229585
178230628
178233435
178236300
178238021
178241499
178244680
178285086
178282086
178282109
178292029
178297272
178292316
178307418
178306099
178310588
178319129
178307553
178338772
178341012
178338582
178347595
178358362
178343519
178297425
178297375
178360214
178297362
178366254
178370848
178389125
178402918
178426487
178426721
178427392
178434576
178435375
178454261
178466368
178466960
178478200
178478401
178479316
178507184
178515583
178519453
178527621
178532782
178547041
178553898
178557448
178558512
178582752
178588256
178592528
178580154
178583131
178595004
178595033
178598688
178599770
178609697
178618056
178652398
178655644
178661285
178661313
178649121
178666044
178669543
178656644
178658280
178665992
178670278
178664162
178676297
178683561
178701287
178701324
178658063
178706638
178708350
178716946
178720193
178758699
178757176
178757266
178761084
178768500
178773690
178785319
178782402
178785650
178790712
178803851
178804583
178806604
178813359
178813393
178813692
178823456
178850212
178866959
178867067
178872139
178875548
178886702
178868982
178916817
178920313
178922234
178930121
178940752
178953879
178957423
178959156
178964275
178963910
178964052
178969958
178973900
178952032
178977716
178979627
178979897
178980731
178981676
178981586
178981836
178979975
178982191
178985670
178991339
178996873
178996875
178997407
178997404
178999029
179003943
179014023
179032749
178973647
179045548
179046768
179048453
179052054
179059101
179060482
179050515
179053306
179075870
179076463
179080902
179081045
179083677
179094657
179095082
179100795
179100838
179084285
179106589
179088816
179118751
179134356
179141665
179128923
179136841
179152937
179154337
179189444
179201368
179207265
179210698
179218379
179226577
179226626
179240714
179234306
179246528
179237063
179269524
179270743
179269772
179277237
179278618
179294695
179283230
179318566
179335618
179342221
179359217
179368913
179389144
179394190
179388910
179392542
179392519
179406976
179407520
179426011
179432848
179443349
179432660
179434369
179439231
179448879
179449298
179476010
179478176
179486610
179486849
179487617
179489880
179491102
179518335
179515575
179515681
179515702
179515739
179523330
179533284
179554917
179564239
179558961
179563485
179565815
179585418
179602764
179586288
179652011
179674322
179681126
179685337
179698470
179701782
179702343
179709766
179713246
179718827
179743844
179740009
179745472
179756439
179763659
179746305
179788387
179814589
179816907
179830673
179807090
179836621
179838283
179838808
179848882
179869810
179877013
179878335
179883134
179883341
179884406
179887259
179897265
179886045
179916721
179919894
179934414
179951690
179954043
179959075
179989375
179999438
179999683
180002077
180003458
180016144
180018588
180019453
180027078
180028070
179991247
180036715
180045608
180058038
180064058
180064306
180069587
180071884
180083012
180085192
180084224
180097890
180099917
180109787
180106880
180108028
180114908
180118581
180112951
180129475
180123917
180127340
180129848
180130012
180132025
180143653
180157524
180161989
180188077
180198794
180204953
180201834
180187561
180192985
180214388
180234455
180224934
180266228
180229695
180267451
180271516
180279705
180279745
180270417
180270461
180270682
180271753
180272491
180280960
180312113
180314575
180317207
180310613
180325784
180333967
180334259
180337203
180339302
180343958
180348485
180377035
180379720
180380377
180383502
180392348
180393462
180395548
180399003
180409187
180411142
180411351
180415559
180417727
180432605
180421416
180422466
180445466
180450504
180455387
180471081
180471175
180473675
180474383
180478315
180485901
180489645
180493113
180496300
180497242
180515696
180537581
180545456
180547870
180549220
180550981
180551124
180559165
180567069
180586178
180591423
180598284
180599317
180602835
180619880
180620602
180622611
180626643
180627679
180630853
180647717
180659329
180638589
180668756
180668986
180677918
180679476
180682731
180686476
180686416
180691825
180703352
180708100
180711526
180711990
180708586
180711158
180730744
180727839
180742520
180744074
180731702
180765020
180766552
180771917
180777446
180789360
180834387
180840410
180855857
180858399
180872206
180874358
180874626
180885748
180891990
180893916
180896878
180897513
180909597
180918536
180921026
180923761
180925842
180893310
180916940
180947799
180999347
180999588
181005908
181014305
181021000
181016934
181024979
181027425
181038788
180996767
181044852
181007622
181057027
181084841
181089674
181093009
181099577
181103683
181103774
181109142
181089370
181139773
181142103
181149760
181153625
181154760
181163971
181175190
181179060
181185729
181159528
181193689
181199414
181207229
181208375
181217228
181217637
181226619
181226134
181229233
181230308
181231649
181240519
181202738
181232460
181254721
181259261
181269455
181289297
181309646
181324541
181325985
181340326
181340146
181344760
181358496
181364999
181374059
181376626
181376607
181382328
181383111
181383883
181386453
181386163
181388591
181388961
181393611
181400326
181367001
181400481
181410486
181414779
181366547
181418947
181431999
181433475
181434160
181437639
181440731
181441696
181442943
181444743
181446460
181448763
181462607
181463146
181467268
181453173
181476987
181462829
181483671
181503305
181505348
181504988
181512854
181514553
181516251
181524935
181522136
181538692
181549511
181569387
181587187
181592360
181593379
181610432
181615766
181622360
181630425
181635077
181626643
181647150
181650604
181659291
181662983
181673816
181675655
181678665
181664736
181681414
181684463
181681737
181686377
181695726
181697056
181698552
181703059
181704469
181706447
181707992
181708437
181711756
181713510
181715227
181719760
181720731
181732314
181733010
181733722
181736955
181738863
181745318
181749958
181756184
181757956
181758558
181754258
181756135
181757215
181766631
181773210
181806386
181811638
181811625
181817079
181822697
181824525
181828704
181829573
181833644
181863650
181875153
181879550
181883139
181885847
181888964
181890020
181893096
181898664
181892293
181871526
181894610
181896771
181898094
181926503
181928918
181952787
181927983
181970377
181986278
181943907
181994924
182002210
182005053
182008282
182009545
181975585
182012937
182019193
182019462
182022968
182033060
182033522
182029247
182042795
182043231
182051324
182055398
182057235
182058191
182058162
182063788
182011650
182064475
182067071
182024973
182073592
182074063
182037173
182078579
182067589
182086762
182089163
182102927
182105619
182109914
182112347
182122428
182122596
182123816
182128808
182136522
182143908
182148346
182149491
182144955
182155985
182149978
182151702
182166001
182156432
182168073
182168190
182172224
182158911
182189289
182189896
182196586
182183370
182183895
182188130
182189659
182204216
182217014
182200642
182234822
182234995
182235722
182266436
182279612
182284613
182290296
182293335
182296996
182297337
182299439
182308440
182317257
182290774
182325378
182328520
182332429
182329569
182331335
182338174
182348450
182341425
182354971
182359830
182360499
182322296
182353824
182369498
182364882
182374881
182399175
182403050
182351888
182424417
182450268
182471682
182473057
182485043
182490019
182490005
182493654
182469601
182494038
182497341
182498973
182499932
182497397
182518402
182519744
182523071
182538317
182527619
182553113
182553156
182553191
182554198
182561979
182566534
182571244
182571344
182572357
182589412
182598900
182602458
182589879
182595819
182612112
182617085
182618957
182626447
182626573
182602032
182631269
182586632
182656358
182662716
182685654
182695760
182706196
182710949
182712410
182723875
182730374
182731937
182728912
182737525
182743034
182737711
182756702
182745130
182755775
182779607
182789269
182798137
182800617
182801308
182807188
182783307
182814232
182814824
182816386
182817057
182828392
182800259
182833346
182838098
182850515
182852014
182861412
182864712
182867469
182880554
182882911
182884676
182891706
182902024
182907078
182909550
182887996
182915418
182951845
182954202
182961130
182967582
182975623
182976874
182983016
182983771
182989357
182995940
182976357
182998061
182987267
183011461
183012698
182997489
183015383
183018714
183024701
183034712
183051297
183053537
183060337
183061902
183079545
183080364
183107997
183115905
183128040
183128090
183131395
183132976
183094197
183112423
183133965
183172642
183173060
183173254
183175336
183183880
183190580
183194691
183207922
183210779
183211516
183211968
183214558
183215282
183181150
183232016
183233260
183132232
183234595
183243871
183251863
183263675
183275085
183294749
183320617
183333845
183339867
183340940
183343222
183344385
183347241
183350604
183365168
183365155
183365525
183365476
183365559
183384316
183391079
183395683
183397459
183419325
183351679
183422677
183422993
183424879
183425006
183429579
183429711
183432733
183443860
183424144
183446652
183452300
183461579
183462114
183509269
183504572
183511311
183511464
183510623
183524589
183521791
183538777
183539048
183539499
183497826
183550158
183556347
183560480
183570915
183574591
183574945
183580587
183583883
183586314
183582048
183591067
183598716
183609314
183612345
183618451
183644795
183660401
183666038
183680186
183683826
183659857
183688402
183685694
183698642
183690033
183702170
183704404
183698279
183715971
183707283
183723511
183726007
183730472
183732780
183737970
183739395
183750667
183755673
183758642
183759021
183773454
183774520
183775093
183799565
183816515
183817587
183814084
183830036
183838990
183840500
183845274
183862667
183838039
183870610
183870633
183875632
183879985
183885910
183884501
183901055
183908341
183913600
183918564
183922309
183923934
183913572
183939632
183998079
184003231
184007506
184017433
184019662
184032505
184039932
184040839
184045660
184057940
184058771
184058901
184067197
184067328
184082010
184081985
184061102
184090171
184111543
184119901
184143716
184163292
184181301
184194659
184196951
184209893
184212184
184178638
184219321
184233613
184235765
184241137
184245843
184253929
184254892
184257116
184268010
184273432
184274129
184282571
184297758
184303714
184255008
184298866
184325605
184304114
184344899
184354540
184366870
184370230
184370837
184315983
184372130
184382243
184387556
184343645
184397241
184385357
184404343
184414412
184428910
184424969
184428775
184430269
184445072
184433970
184447330
184449855
184453330
184453412
184457892
184464615
184450906
184451891
184452023
184469523
184465845
184468532
184409779
184490206
184492347
184471181
184509909
184489643
184463724
184542264
184548417
184533480
184549764
184513191
184552631
184590524
184590794
184599870
184600837
184603931
184606856
184480948
184616391
184590868
184629834
184563668
184633176
184635019
184640973
184618807
184621838
184623262
184649639
184654560
184655643
184603307
184607216
184692127
184695733
184699989
184711110
184711213
184713512
184730438
184734028
184737871
184747736
184751681
184751922
184756057
184757086
184761336
184763586
184771982
184774272
184778643
184780422
184784823
184785812
184789267
184789232
184800962
184800330
184804400
184810671
184813785
184824741
184830103
184828072
184837472
184837621
184842956
184845129
184845194
184847044
184848950
184816244
184862736
184869147
184886294
184886617
184876027
184895148
184899000
184900498
184936761
184935370
184945128
184945260
184937666
184949043
184979874
184982731
184984964
184989283
184996139
184999103
185008924
185017160
185017564
185022426
185026728
185029009
185002514
185004533
185033681
185019861
185050191
185053214
185062183
185066973
185068610
185074939
185077188
185081443
185081496
185082541
185093358
185125991
185134118
185134610
185133532
185097928
185137964
185138742
185165955
185171466
185166132
185179457
185186144
185211438
185224702
185230340
185227635
185236825
185240437
185241644
185242529
185238360
185249182
185259846
185260076
185264318
185274838
185283012
185284149
185284967
185283375
185284896
185249434
185295269
185295346
185298617
185298677
185300064
185294175
185304450
185295008
185295250
185309079
185303907
185304204
185315496
185307631
185310349
185284359
185324084
185286824
185327069
185296109
185314929
185332711
185320685
185323847
185323832
185326385
185333059
185349868
185327086
185327099
185327090
185327103
185327079
185327093
185327598
185328460
185328512
185328482
185328520
185328561
185328553
185328498
185328634
185328585
185328566
185328649
185328599
185328670
185328685
185328659
185329821
185329856
185329876
185329909
185329937
185329877
185329864
185329920
185329893
185329905
185329941
185368640
185359163
185370362
185368523
185382573
185400720
185413454
185414932
185412318
185424331
185380548
185418998
185434568
185434834
185436315
185438462
185441436
185451639
185446114
185447399
185453988
185463171
185463552
185427178
185460065
185461690
185463353
185466207
185468863
185471610
185483715
185488905
185486306
185498589
185523751
185529690
185531088
185536597
185541367
185474084
185554714
185547316
185560437
185560756
185561966
185511545
185513281
185567942
185580071
185581484
185586877
185590376
185596366
185598734
185602033
185610935
185611128
185619656
185567222
185620428
185622797
185641713
185671160
185673563
185594868
185672219
185672506
185638268
185696950
185703172
185728578
185728681
185733364
185743032
185743453
185754606
185754439
185754462
185759363
185759307
185763372
185764840
185766204
185769719
185771582
185775775
185770118
185781412
185785419
185785077
185788026
185793044
185793738
185795707
185800234
185802403
185808483
185810380
185812930
185813164
185816296
185816633
185818095
185818319
185818658
185823263
185824781
185824842
185826601
185834400
185835568
185843165
185844362
185845061
185844752
185849369
185852727
185859695
185872389
185889919
185884611
185889735
185901051
185902034
185896842
185908706
185880742
185937650
185938871
185939032
185954633
185952955
185954534
185967261
185964656
185973687
185965873
185968955
185978499
185980081
185992853
185987540
186004994
185939423
186016938
186020957
186039623
186040710
186049663
186051238
186078303
186049681
186083872
186084008
186090086
186093686
186093559
186110957
186112945
186126553
186136145
186105340
186151247
186152485
186152782
186133240
186161369
186142823
186162633
186163646
186166622
186167678
186169239
186185000
186189229
186194590
186203770
186207289
186209205
186210198
186215514
186224040
186224518
186225511
186227070
186223627
186229294
186233921
186237919
186239297
186244161
186244620
186253888
186255384
186277128
186286959
186291570
186293437
186293457
186295545
186294405
186256922
186307025
186309719
186314432
186314444
186327062
186329480
186331098
186333423
186335244
186332568
186342540
186343107
186348955
186354526
186356467
186271666
186364170
186363898
186370799