213697638
213698490
213701447
213703451
213704025
213705987
213706153
213706457
213706860
213706935
213707144
213707147
213707311
213707376
213707772
213707778
213708047
213708052
213708140
213709441
213709807
213711419
213712035
213712732
213712763
213713013
213713467
213714505
213717438
213720378
213720923
213724289
213724971
213724977
213724978
213726461
213727690
213727706
213728776
213732938
213733045
213733804
213735969
213741095
213741511
213742670
213743145
213743553
213743903
213744244
213744486
213749264
213749679
213750961
213751133
213751608
213753244
213754668
213754811
213755143
213757313
213757562
213759967
213760835
213761088
213761358
213761508
213766858
213767419
213767420
213768116
213768423
213769217
213770310
213770767
213775937
213777686
213778915
213779444
213781615
213781688
213782362
213783838
213786550
213787275
213787321
213787377
213787380
213787644
213788519
213789084
213789678
213790005
213790312
213790398
213790587
213790908
213791185
213791925
213792632
213793795
213794122
213794780
213795875
213796460
213799666
213800423
213800439
213800956
213800958
213801986
213802763
213803289
213803381
213804136
213806215
213808898
213808951
213810267
213810742
213813687
213814061
213816440
213817843
213818327
213820768
213821016
213821843
213821909
213824208
213825033
213827110
213827161
213827241
213827999
213828475
213829025
213830927
213831042
213831212
213833166
213833176
213833344
213833364
213833770
213835719
213835732
213836688
213839710
213840175
213842698
213842829
213843091
213843822
213843859
213844983
213844984
213847292
213848119
213848564
213850410
213851221
213853215
213856550
213861373
213862067
213864528
213866879
213869223
213869429
213870050
213870225
213870291
213870946
213872842
213873770
213873952
213876920
213877882
213881874
213883112
213883634
213884941
213885843
213885973
213886013
213887845
213888774
213890351
213891387
213898595
213899006
213899077
213901026
213902172
213905131
213907473
213907578
213909770
213910315
213913593
213914216
213914255
213914884
213914900
213914982
213915671
213916946
213917244
213917453
213917828
213919245
213920644
213920956
213921264
213923741
213927159
213927317
213927795
213928914
213929601
213930107
213931595
213932289
213932485
213932738
213934470
213934591
213935123
213937493
213937563
213937882
213939237
213939948
213940743
213940752
213940753
213942271
213942627
213943250
213943574
213943680
213944416
213944673
213944767
213944810
213944940
213945157
213945809
213946740
213946939
213946943
213946949
213948142
213948238
213953063
213956656
213957259
213958874
213962125
213962996
213963699
213964583
213965189
213966345
213968040
213971940
213972366
213973307
213975015
213975247
213975329
213976621
213977383
213980903
213981947
213983309
213985512
213986954
213988613
213989994
213993358
213993535
213993776
213994345
213996326
213998268
214001383
214001828
214002974
214004584
214005389
214006362
214007518
214007684
214009521
214010298
214013268
214013409
214014826
214022072
214022145
214022572
214023966
214023989
214024730
214028510
214029611
214029806
214031191
214031547
214032473
214032798
214033344
214034909
214036036
214036207
214037386
214039927
214040069
214041537
214041824
214041832
214042250
214042669
214045399
214047568
214048450
214056249
214056250
214056559
214056561
214056656
214058449
214059682
214063111
214064351
214064906
214064943
214065083
214065228
214065237
214066578
214066590
214068205
214070401
214073101
214073397
214075182
214075313
214078296
214080538
214085104
214085105
214085107
214086930
214087116
214088576
214090939
214093992
214098495
214098812
214099389
214099624
214100103
214100222
214101473
214102316
214103162
214105087
214107027
214107809
214107815
214108638
214108659
214110092
214111606
214111714
214113019
214113190
214113575
214113925
214114608
214115078
214115381
214118644
214120679
214125231
214127241
214127370
214128997
214129388
214129927
214130125
214130129
214131038
214131379
214132828
214134819
214135615
214135693
214136852
214137368
214139328
214140310
214147332
214148243
214148503
214148955
214149183
214149661
214150627
214151353
214151585
214152014
214152405
214152497
214153571
214153759
214153967
214154372
214154581
214154582
214156392
214156852
214157056
214157554
214157611
214157812
214159256
214159718
214159957
214160509
214161391
214165688
214166274
214167564
214170238
214171207
214171378
214173422
214175075
214175248
214176403
214179521
214179522
214180222
214181981
214182076
214182175
214182407
214182409
214182426
214182485
214182860
214182895
214182914
214183129
214184568
214185323
214185440
214185857
214185971
214188143
214189353
214189698
214190721
214191291
214191738
214198346
214198801
214200724
214201138
214203084
214204300
214206766
214207276
214211141
214213215
214215757
214216134
214216602
214217652
214219810
214220768
214222987
214224365
214224389
214224845
214226374
214228677
214231002
214231842
214231951
214233253
214234203
214234791
214235627
214236135
214239382
214240728
214243091
214243622
214247278
214249483
214249938
214250393
214252432
214252590
214253098
214253504
214253506
214255116
214257040
214257126
214257911
214258434
214258766
214260479
214261518
214263221
214264358
214264667
214264789
214265298
214265877
214266274
214267811
214267879
214268029
214268605
214269271
214269274
214270348
214270967
214271660
214273740
214276468
214276484
214277727
214278121
214279968
214280473
214283934
214285729
214285794
214285804
214285994
214286778
214287124
214287185
214288197
214288381
214288963
214289536
214290096
214290383
214291640
214291896
214292302
214294985
214295588
214296178
214296345
214296387
214299504
214299982
214301850
214301924
214303067
214304043
214306585
214306598
214306879
214308306
214309296
214312123
214313616
214314038
214315198
214315411
214317175
214319556
214320431
214322145
214322817
214322868
214323353
214323494
214324498
214324591
214324720
214325956
214325993
214326380
214328258
214329061
214329720
214331400
214333418
214333674
214334359
214334488
214334782
214334803
214334810
214335534
214336935
214338442
214338931
214339608
214340033
214341604
214344065
214344665
214347932
214347956
214349576
214351457
214359900
214360779
214361102
214361257
214363613
214366458
214369498
214369839
214370284
214370297
214370601
214370657
214373715
214374053
214375352
214375363
214377110
214378372
214378996
214379692
214379950
214380098
214380109
214381089
214381108
214381200
214382603
214382631
214383695
214383751
214384793
214384898
214385991
214386362
214386958
214386962
214386963
214386990
214386991
214387195
214387197
214388227
214388888
214392187
214395678
214396092
214397384
214397989
214400432
214402805
214402860
214402989
214406782
214409227
214411307
214414753
214414942
214415115
214416411
214416649
214416940
214418168
214418705
214423073
214425023
214425266
214425551
214428048
214429783
214429910
214430688
214430909
214432168
214432186
214433861
214433901
214434899
214435075
214435257
214435887
214436090
214438067
214440011
214440192
214440320
214440564
214440599
214440940
214441894
214442202
214442674
214442676
214442916
214443370
214444682
214445876
214446290
214446667
214448780
214448853
214449975
214450087
214451472
214451569
214452927
214456041
214458092
214459660
214459815
214460934
214462974
214466080
214467836
214470726
214471030
214473005
214473543
214474544
214475072
214476048
214477714
214477716
214477717
214479806
214479854
214479856
214481217
214481862
214482532
214482764
214484028
214485166
214487054
214489049
214491231
214492532
214493717
214499678
214499728
214500357
214502217
214502636
214503845
214503875
214503891
214504247
214505335
214506862
214507165
214507789
214508338
214508439
214509343
214509702
214510345
214510378
214510387
214512894
214513259
214513690
214515047
214517433
214518771
214520110
214520119
214520222
214522000
214522805
214524178
214524361
214524448
214524546
214526680
214526994
214527619
214528157
214529132
214532547
214533463
214536133
214536981
214539577
214539969
214539970
214544157
214544229
214548048
214548294
214550309
214558079
214558974
214558975
214561705
214563026
214565204
214568190
214570839
214570863
214573745
214574027
214575467
214575575
214575579
214575584
214575586
214575958
214576683
214576802
214576834
214578140
214578515
214579230
214579589
214581336
214582081
214583199
214583351
214584558
214587510
214587551
214588009
214590352
214590390
214590725
214590888
214591493
214591570
214592485
214594712
214598864
214598915
214600409
214601995
214602041
214602120
214602414
214603250
214603298
214607257
214610642
214612737
214613427
214613433
214613907
214615440
214616139
214616558
214616934
214617985
214618837
214619568
214620090
214622250
214622712
214622715
214629827
214630065
214632885
214635695
214636152
214636358
214636999
214637095
214638043
214638150
214638151
214638153
214638564
214638606
214638721
214639109
214639712
214640483
214641102
214641215
214642270
214642820
214643331
214643416
214643587
214644193
214644805
214646921
214649320
214651107
214653097
214653445
214657410
214659274
214659589
214660075
214660164
214660496
214661543
214662550
214663041
214663185
214663318
214666141
214670316
214671251
214672347
214673002
214674831
214675219
214675789
214676348
214677384
214677553
214678875
214679159
214679298
214680715
214683117
214683552
214685226
214686070
214690205
214691643
214692535
214694421
214697948
214698075
214701772
214705822
214706688
214706861
214707554
214708406
214708857
214708935
214709206
214713922
214714013
214714295
214716655
214717928
214718089
214718809
214720137
214720791
214721047
214723339
214724788
214725100
214726009
214726400
214727554
214727763
214727974
214728437
214728594
214728756
214730555
214730772
214732596
214733095
214736266
214736560
214738408
214740502
214741014
214742356
214743879
214744584
214747806
214748659
214750659
214753297
214754250
214754595
214754950
214754989
214756157
214756621
214756766
214758079
214758367
214760950
214761372
214761591
214762789
214763059
214767342
214767526
214767531
214769959
214770983
214771254
214772488
214774481
214775885
214777752
214778178
214778562
214778668
214778672
214778718
214780667
214781936
214781998
214783524
214783765
214783766
214784172
214784174
214784475
214784844
214785062
214786923
214787557
214788648
214788898
214790148
214790664
214791138
214792937
214793468
214794491
214794552
214804754
214807102
214807392
214807506
214812823
214814409
214815868
214817075
214817551
214818815
214821682
214822473
214824126
214824378
214825060
214825265
214825932
214826851
214829424
214829692
214837433
214837435
214840812
214840825
214841806
214843270
214844313
214844501
214845575
214848383
214849382
214850947
214851483
214857331
214857889
214860750
214861278
214864369
214864375
214864585
214866398
214867144
214867343
214868156
214869036
214869041
214869340
214869477
214871234
214871513
214872956
214873046
214873476
214873537
214875296
214876934
214877256
214877582
214878257
214878777
214878955
214881507
214883250
214884913
214885648
214886216
214886314
214887479
214888823
214889448
214889605
214891541
214891957
214893351
214894130
214894132
214894133
214894135
214894298
214894307
214894472
214895438
214896439
214896551
214896921
214897362
214897363
214898219
214898946
214900385
214901155
214904408
214905142
214905589
214906670
214908674
214908832
214910361
214911222
214911225
214912638
214914345
214914708
214914713
214919099
214919398
214923109
214923797
214924580
214924581
214924636
214924639
214924942
214925136
214926094
214928189
214928192
214931847
214932425
214933086
214933273
214936618
214938093
214939864
214940074
214940204
214940594
214940596
214940763
214941705
214943183
214943686
214946193
214947072
214947658
214949388
214952122
214952317
214954039
214954796
214956930
214956954
214959331
214959768
214961309
214961314
214962831
214963379
214963387
214964602
214964716
214964927
214967036
214968883
214968996
214970416
214971466
214971524
214973967
214974808
214977196
214978017
214978022
214981464
214981613
214982249
214982545
214982601
214982905
214985505
214985506
214985854
214987295
214987565
214988175
214989132
214990272
214990877
214990891
214991271
214992272
214993783
214996087
214997762
214998031
214998035
214998036
214998039
215000014
215000431
215000977
215002162
215002305
215002310
215002574
215003215
215004078
215004080
215004652
215004694
215005776
215006430
215006728
215010263
215010771
215010832
215014358
215014889
215015375
215015572
215015972
215017305
215017436
215017494
215020983
215021646
215022899
215024925
215025804
215025996
215026984
215029847
215030582
215030674
215032234
215032910
215034294
215034344
215035231
215035730
215036829
215037911
215039656
215040604
215040687
215041215
215041433
215041633
215041832
215043493
215044306
215044823
215048111
215048394
215048794
215051092
215053417
215054056
215054650
215054725
215055948
215056289
215058154
215061270
215061689
215062122
215062458
215062650
215062779
215063984
215068413
215070132
215070324
215070868
215075246
215079644
215079812
215079895
215082472
215083167
215084679
215084688
215084689
215085020
215086402
215086408
215090006
215090697
215091323
215093160
215096423
215096552
215097566
215097747
215098856
215100480
215102019
215102543
215102617
215102730
215104981
215105753
215105754
215106655
215106671
215107068
215107883
215108067
215108070
215112592
215112631
215113931
215115253
215116247
215116790
215117873
215123388
215123479
215123480
215124539
215124541
215127220
215127467
215129494
215129840
215130675
215131778
215132190
215133549
215134130
215134327
215136485
215137101
215142659
215144177
215144969
215146054
215148434
215151094
215153309
215153400
215153524
215153779
215154015
215154035
215156042
215156093
215156135
215156153
215156786
215158913
215160605
215161518
215161738
215163574
215165847
215166021
215167514
215168110
215168489
215170789
215171258
215173375
215178066
215180348
215181112
215181113
215181114
215181904
215185248
215185756
215189056
215190570
215191164
215192062
215193630
215194563
215194569
215196086
215196348
215197681
215198262
215198368
215198964
215199085
215201672
215201718
215203587
215205239
215205838
215206693
215207601
215208822
215209179
215209358
215210669
215211150
215211663
215213631
215217127
215218035
215218045
215218946
215220258
215220756
215220782
215224651
215225593
215226832
215227512
215227917
215228482
215235947
215236096
215236425
215237912
215238150
215239193
215241593
215243086
215243299
215244511
215244715
215245747
215247733
215248288
215248651
215249331
215249494
215251594
215252014
215252458
215253826
215256247
215257599
215259453
215263277
215263349
215265060
215265384
215266562
215267813
215269467
215271240
215273462
215273773
215273971
215274347
215276357
215279615
215279659
215279660
215280928
215281104
215282123
215283222
215283390
215284310
215284524
215284568
215285622
215285919
215285920
215286463
215288443
215289687
215289708
215290847
215293764
215294933
215298719
215299722
215300027
215300084
215306006
215306250
215308705
215309957
215310367
215310914
215312671
215314887
215316549
215316968
215317815
215318703
215319278
215319712
215320401
215322826
215324730
215324891
215325548
215326005
215328575
215329972
215330444
215332581
215336241
215336699
215336787
215337006
215338845
215340671
215341148
215342037
215343137
215346415
215347586
215354699
215356613
215356675
215358556
215359334
215359891
215360150
215360616
215360750
215361534
215361587
215362997
215364550
215364671
215364747
215368048
215368911
215371620
215371947
215372315
215372424
215373809
215373905
215374136
215376879
215379041
215379276
215379846
215384040
215385483
215385879
215385888
215390704
215397074
215397112
215399280
215400220
215400491
215402387
215402982
215402989
215404515
215405311
215405790
215405927
215405935
215407523
215410203
215413268
215413300
215413320
215413571
215413708
215413965
215413971
215414254
215414528
215414892
215415114
215415351
215415556
215415583
215416654
215417198
215417441
215418189
215418618
215418793
215419628
215422101
215423093
215423888
215424737
215425020
215426916
215427445
215427446
215428853
215428870
215428886
215430091
215430129
215432958
215433244
215435995
215436007
215438998
215438999
215440605
215441022
215441274
215441592
215442146
215442149
215442151
215442191
215442419
215444472
215444506
215445024
215445060
215445063
215447186
215447322
215448209
215449998
215450496
215450912
215452148
215452866
215453445
215454295
215455931
215457346
215457608
215460408
215460590
215460615
215462782
215463201
215463422
215464268
215464670
215464753
215465308
215467865
215470231
215480134
215480157
215480242
215480799
215482940
215484795
215486692
215487522
215487666
215487770
215487924
215488072
215488121
215489047
215489472
215489919
215490620
215492873
215493374
215493426
215496291
215500282
215501383
215502577
215502649
215504293
215504571
215506169
215506203
215507507
215507810
215509105
215510853
215511379
215513838
215515181
215515187
215515790
215518173
215519945
215520209
215520591
215523825
215523958
215525705
215525816
215526145
215527298
215527352
215528331
215528558
215528664
215529131
215531930
215532747
215532848
215533295
215533409
215534117
215537493
215538695
215540116
215540696
215542539
215542974
215543486
215543859
215550822
215552248
215555068
215555545
215556515
215558367
215560576
215560596
215561232
215561672
215563855
215566103
215566106
215566469
215567545
215568461
215569216
215570605
215572563
215575580
215575712
215575785
215575951
215577209
215577788
215578791
215578863
215579726
215582210
215582448
215584701
215588811
215591314
215591944
215592869
215593979
215594200
215594249
215594907
215595942
215601795
215602066
215605271
215605288
215605418
215606661
215606981
215607592
215608675
215609487
215609696
215610274
215610696
215613262
215618209
215623410
215623428
215624904
215628664
215628674
215630446
215636197
215636232
215636447
215637517
215638077
215638174
215639869
215640256
215640464
215641241
215641242
215641245
215641595
215642429
215643959
215644291
215644966
215646421
215646454
215646462
215646463
215647788
215649836
215650503
215650817
215652010
215653604
215655220
215655361
215655616
215659295
215660428
215660446
215660447
215660450
215661546
215664530
215664774
215665060
215665061
215670359
215671131
215672568
215672937
215676453
215677754
215678977
215678990
215678995
215679129
215681467
215685624
215686181
215686566
215686696
215688592
215688779
215689096
215689239
215689444
215690365
215690619
215691245
215691800
215692908
215693870
215697159
215703343
215704086
215704967
215707138
215708634
215710217
215710565
215711239
215711285
215711742
215711939
215712184
215713237
215713763
215714128
215714317
215714750
215714855
215714856
215714864
215715233
215715419
215716322
215720328
215720395
215721376
215721949
215725166
215726580
215728675
215728835
215734039
215735345
215735570
215735610
215737453
215738448
215742022
215744232
215746634
215748596
215750454
215750920
215750986
215753038
215753841
215756744
215756905
215757530
215757606
215758038
215758211
215758212
215758974
215759506
215759544
215759824
215759835
215760265
215760638
215761219
215761232
215761277
215762264
215764449
215764814
215765358
215765585
215765821
215765882
215766098
215767549
215767598
215768092
215768766
215768785
215770639
215771472
215771630
215772190
215772449
215772970
215774078
215777510
215778076
215780660
215781814
215782361
215782769
215784682
215785955
215786734
215787652
215789277
215789342
215790711
215791612
215791638
215791738
215795279
215796007
215796572
215797610
215798254
215798733
215800512
215801197
215802747
215803039
215805556
215806711
215807306
215810270
215811511
215811763
215813920
215815053
215815927
215816369
215817625
215819934
215825688
215826273
215827638
215828042
215828147
215828148
215828528
215828791
215828978
215828989
215829012
215829349
215829533
215829930
215830013
215830014
215830019
215830213
215830238
215830391
215830724
215830832
215833630
215834495
215834982
215834984
215835280
215835678
215837924
215838235
215838739
215839977
215840559
215840846
215841294
215843094
215843399
215846732
215848186
215849988
215849998
215850188
215850192
215851352
215851922
215851933
215857721
215859828
215859981
215861104
215862157
215862196
215862288
215862554
215863588
215867344
215867859
215870702
215871547
215872359
215881528
215881773
215882465
215882931
215884508
215887462
215895665
215896009
215896582
215896672
215897452
215899812
215903257
215903324
215903568
215903572
215903818
215903849
215904090
215904100
215904112
215904488
215905747
215907391
215908479
215909429
215912092
215912094
215912413
215912416
215913073
215914007
215914356
215916450
215916957
215916996
215917859
215918093
215918108
215918546
215919161
215919192
215919326
215919369
215919464
215919795
215920039
215920044
215921662
215922468
215922508
215924072
215926189
215934911
215935457
215940571
215940573
215940575
215941180
215942337
215945072
215946988
215947458
215949301
215951080
215952709
215952838
215957822
215958380
215958601
215965919
215965991
215966707
215967042
215967847
215968513
215969120
215970363
215974056
215975987
215976387
215977200
215977361
215977388
215977390
215979170
215979534
215979941
215980687
215980688
215982150
215982350
215984442
215984812
215991036
215992759
215993998
215994196
215994939
215995254
215995256
215996082
215997575
215997608
215999945
216000850
216000873
216002264
216006425
216010381
216010504
216011187
216013587
216013970
216014709
216016648
216017003
216017861
216022396
216024091
216024514
216024515
216024571
216025044
216025045
216025046
216025871
216025998
216026028
216027128
216027260
216028260
216031204
216034216
216039502
216040567
216042301
216042533
216043158
216044005
216044070
216044099
216045340
216045432
216047904
216048520
216048873
216050598
216051420
216051580
216052361
216052503
216052546
216054757
216055708
216057192
216057487
216057597
216058978
216064559
216065354
216068863
216069201
216069290
216074262
216075137
216075808
216078605
216081407
216082119
216084417
216087075
216087726
216087739
216088404
216088922
216091624
216091686
216092123
216093862
216095064
216095211
216095319
216096191
216096236
216096320
216096524
216096525
216097590
216098226
216100773
216102528
216103286
216105170
216106754
216106867
216108060
216109534
216110019
216110258
216113879
216114156
216116182
216117828
216119809
216120511
216123647
216124210
216125560
216126670
216127970
216130601
216132877
216132878
216135722
216135997
216136201
216136405
216137158
216137556
216138770
216139009
216139860
216142124
216142125
216142257
216142284
216145923
216146406
216149705
216150180
216150204
216150278
216150497
216154444
216155603
216157215
216160480
216162689
216163464
216163791
216163792
216166420
216167592
216169438
216173183
216176725
216176746
216176988
216177632
216178536
216179829
216181348
216181554
216181583
216184207
216184697
216185881
216188389
216188718
216190096
216190353
216190364
216196063
216196859
216197934
216198150
216198338
216198911
216199176
216200345
216200609
216201478
216203839
216204362
216204661
216205232
216205935
216210250
216211723
216212119
216213555
216215100
216215487
216216607
216217744
216217745
216217825
216219719
216225421
216225580
216226261
216227250
216231908
216232890
216234033
216240715
216241214
216244135
216245892
216246316
216246565
216247773
216250920
216251024
216251185
216251241
216254707
216255016
216256288
216256956
216257757
216259983
216261390
216262355
216262399
216262415
216264226
216266184
216266719
216270304
216270877
216271642
216272409
216273124
216274897
216275412
216277016
216278220
216283341
216283448
216283484
216284072
216285937
216286205
216289196
216291411
216291733
216292197
216292403
216293146
216293685
216293818
216294946
216295293
216295525
216296113
216296832
216296834
216296920
216298829
216299615
216300510
216300546
216301414
216301431
216301654
216301966
216303130
216303404
216305406
216305878
216308767
216310051
216311574
216312698
216313735
216314291
216314981
216317376
216318434
216318530
216323100
216323203
216324234
216324813
216328321
216328635
216330366
216331142
216331143
216334451
216337221
216337753
216337888
216340938
216341283
216341506
216342238
216345934
216346549
216346771
216347630
216348946
216349299
216349701
216349833
216351426
216352008
216353278
216353671
216354038
216356158
216356947
216357721
216359577
216363864
216368657
216369812
216370300
216370498
216374476
216374530
216376297
216377055
216377103
216377228
216377825
216379988
216381119
216381147
216381229
216382234
216382343
216383031
216384569
216384970
216385927
216386759
216388607
216389008
216390981
216391692
216392021
216393211
216394949
216395560
216396643
216399172
216399674
216399708
216400892
216400898
216400927
216407836
216409428
216410724
216414060
216416018
216417709
216419832
216419911
216420510
216420688
216421267
216421806
216422314
216423021
216423455
216423525
216424947
216426077
216430060
216431826
216432729
216433899
216435123
216435770
216438493
216441603
216444859
216445178
216445300
216447910
216448512
216454277
216455040
216455808
216455815
216456055
216456755
216459654
216460413
216462572
216462792
216462920
216463133
216471252
216472033
216473014
216473632
216473734
216473997
216474807
216475566
216479617
216482338
216482779
216482804
216487900
216488242
216490689
216491514
216491715
216492003
216492874
216492888
216495797
216496163
216496363
216496968
216499261
216502037
216502051
216502857
216503629
216505061
216505169
216505474
216511523
216514583
216523034
216525147
216525199
216526348
216528448
216529253
216532010
216532338
216532873
216532897
216534183
216534949
216535823
216538206
216538255
216539179
216539821
216540429
216541971
216542829
216543800
216544647
216545810
216548188
216549331
216549870
216549880
216549885
216550278
216552604
216554054
216554553
216554715
216555290
216555371
216557390
216558448
216561419
216562462
216564355
216565612
216565668
216565732
216566094
216566145
216568898
216569521
216570222
216571912
216572213
216573690
216574585
216575139
216575648
216576483
216577377
216578058
216579012
216580013
216580053
216580281
216581285
216581453
216581883
216584157
216584326
216585514
216592076
216595589
216596565
216597174
216597336
216601527
216601669
216602197
216603083
216603158
216604496
216605058
216605990
216606591
216606970
216606995
216608382
216608760
216609940
216609942
216610169
216610172
216610173
216610412
216610550
216615076
216616245
216622238
216623913
216623921
216623922
216624727
216626718
216626719
216628698
216628731
216632633
216632689
216633272
216633331
216633848
216636384
216636534
216636538
216638663
216639302
216639593
216640025
216640746
216640770
216641657
216642027
216642794
216645761
216645783
216646094
216647086
216649632
216650024
216652468
216654440
216656694
216656745
216659773
216663758
216664280
216664802
216667942
216669000
216671293
216671373
216672239
216672241
216672242
216672432
216678728
216678918
216679091
216679319
216681832
216682709
216682749
216683783
216684294
216687130
216687542
216689357
216690334
216690403
216691770
216694048
216695307
216695896
216697668
216700633
216700796
216701097
216701327
216701913
216705101
216705328
216705704
216705934
216706676
216707012
216707671
216709584
216710958
216711190
216712174
216712176
216713521
216713796
216713970
216714572
216715537
216717285
216717650
216718458
216718760
216721025
216721832
216722382
216722781
216724299
216725157
216725630
216725709
216725912
216726241
216726376
216727722
216736088
216737308
216737465
216739004
216739382
216739395
216741458
216745443
216747576
216747683
216749783
216751046
216756425
216757932
216758056
216758462
216759429
216761838
216761845
216764639
216766133
216767438
216768267
216768884
216771712
216772036
216772570
216775091
216775465
216778162
216778931
216779682
216781974
216782422
216783224
216783617
216783869
216784153
216785383
216785729
216785787
216787187
216790739
216792422
216793913
216793922
216794244
216794369
216794395
216795153
216796033
216796101
216796443
216799460
216800488
216802326
216803641
216805052
216805797
216806335
216807344
216807922
216808764
216809633
216809777
216810301
216810695
216811847
216815801
216820510
216824034
216826980
216826992
216827036
216827072
216827994
216827999
216828889
216829157
216831275
216832009
216832884
216836324
216836962
216838428
216839252
216840243
216840293
216840431
216840501
216842155
216842777
216842823
216843080
216843338
216844326
216844449
216846081
216846609
216848765
216850567
216850762
216850850
216853696
216854573
216854577
216854583
216855420
216855589
216855608
216857474
216858060
216858525
216859039
216859368
216859578
216862197
216864766
216865842
216867775
216868311
216869662
216871387
216871545
216872910
216873204
216873569
216874281
216878452
216878946
216880641
216880992
216881238
216882094
216882162
216885215
216886121
216886846
216889288
216889478
216890359
216890370
216890687
216891308
216891722
216892533
216896106
216896811
216900303
216900568
216901529
216901671
216901714
216904236
216906482
216906512
216908093
216908646
216915723
216915954
216918289
216918523
216918888
216919267
216919405
216919514
216921247
216921602
216923183
216924650
216924763
216926851
216929422
216930710
216931865
216931939
216933627
216933977
216937292
216937440
216940126
216940419
216940466
216941156
216941413
216941870
216942509
216942691
216945093
216946857
216949633
216951126
216951440
216952214
216952442
216953955
216954572
216954577
216955165
216956072
216957349
216959271
216959386
216960016
216961025
216961299
216963659
216964990
216971558
216975490
216975979
216976553
216978695
216979510
216979525
216979965
216980397
216980400
216981430
216982130
216983596
216984385
216984554
216985327
216987414
216988637
216990300
216990427
216990468
216991372
216991988
216992530
216992547
216993457
216993715
216994669
216995726
216996163
216996772
216996888
216997689
216997694
216997696
216997698
216998263
217001553
217002854
217003461
217006088
217006119
217006541
217006553
217007186
217008422
217008771
217009107
217009928
217010693
217010891
217012312
217013914
217014568
217014969
217016336
217017195
217018041
217018460
217019952
217020022
217020054
217020071
217022543
217022820
217023797
217024166
217024654
217024690
217025885
217026169
217026221
217026451
217027735
217027879
217028332
217028692
217029785
217030124
217031436
217031599
217033114
217033745
217033755
217033832
217033945
217034482
217037153
217038466
217043176
217043956
217044986
217045923
217047514
217049223
217050743
217052920
217053233
217057501
217059287
217060693
217061948
217062886
217064219
217066994
217067938
217070451
217071853
217072493
217073249
217074299
217074598
217074600
217074894
217075618
217076746
217076913
217076914
217076922
217076937
217077707
217078013
217080094
217080476
217082176
217083633
217084304
217086641
217087096
217088850
217089471
217090190
217091773
217091957
217095161
217096907
217097118
217097471
217098361
217098363
217098368
217099533
217100316
217101060
217102703
217102979
217103089
217104935
217105718
217110765
217116200
217116255
217117921
217118467
217120832
217123044
217125737
217126741
217128073
217128229
217130831
217132006
217132275
217135957
217136397
217140040
217140210
217140759
217141198