184095831
184226156
185143163
185154042
185155891
185160133
185160737
185160905
185173975
185175529
185176677
185178086
185180805
185189910
185189922
185191984
185192836
185200287
185210549
185211067
185213726
185224326
185227841
185243310
185252743
185259038
185261326
185261340
185268829
185275730
185289220
185291285
185294272
185298578
185313797
185314267
185314366
185317142
185333746
185342922
185354213
185359802
185363211
185368229
185373765
185400002
185404843
185409952
185413738
185421417
185438366
185445017
185459561
185469457
185477048
185479363
185479608
185482170
185487434
185487932
185505265
185507425
185515198
185519608
185525562
185526883
185535169
185542397
185549369
185573869
185580785
185581213
185602087
185602900
185608632
185609339
185624075
185624112
185625146
185627086
185628583
185633583
185633690
185638339
185645586
185648166
185671248
185677307
185690796
185693667
185694430
185706933
185735877
185744954
185749924
185766708
185769665
185770103
185776684
185781915
185788681
185795437
185799951
185800296
185801094
185807462
185810423
185815885
185816347
185816526
185817155
185824409
185833606
185842249
185844091
185857786
185858255
185861230
185869101
185874202
185874540
185874761
185891083
185901269
185907543
185910649
185915962
185919097
185923974
185929379
185943173
185943212
185947678
185948542
185963141
185964513
185966390
185974204
185978040
185980171
185982599
185984433
185987850
185992997
185995832
186000258
186001501
186005553
186008603
186018529
186018904
186024698
186024701
186043279
186049572
186055472
186056524
186065539
186067378
186068598
186070505
186070714
186089723
186108875
186109989
186110057
186114219
186114261
186120455
186136754
186141212
186142803
186150544
186159627
186165143
186168595
186173503
186180276
186181148
186190665
186194131
186208872
186222863
186224532
186249888
186251951
186253936
186256174
186260705
186271666
186277430
186286948
186314506
186320931
186329223
186330421
186346938
186350136
186355315
186364541
186371540
186382011
186389101
186390363
186401207
186417158
186421011
186425061
186449231
186449429
186452335
186458517
186462903
186468792
186474341
186478451
186481818
186510784
186511313
186517205
186547935
186550738
186574471
186595920
186596273
186596963
186605441
186610215
186636530
186647642
186647726
186654249
186655878
186660591
186669322
186673110
186676211
186679245
186680184
186680501
186687263
186687720
186688586
186689502
186692078
186700144
186716075
186722437
186727920
186742081
186745830
186770520
186772004
186780167
186793134
186804436
186832870
186833973
186845952
186850071
186851541
186855483
186855945
186870997
186871012
186872390
186889254
186901949
186904937
186910074
186917076
186923662
186923747
186940213
186948132
186957890
186965477
186967337
186968801
186970305
186972034
186972084
186979806
186982714
186992754
186994033
186997356
187002223
187005655
187007743
187008099
187009114
187011463
187012942
187015699
187024446
187025129
187042654
187053624
187070017
187082066
187087766
187090189
187091232
187092836
187094214
187094898
187103833
187107812
187109310
187113291
187115035
187117144
187122950
187123704
187124126
187140278
187142306
187142800
187147526
187150237
187157488
187159370
187162210
187162345
187162422
187162674
187164966
187187035
187187311
187217479
187217535
187221504
187221713
187231672
187238380
187246972
187250095
187251787
187254913
187254995
187257726
187274708
187285795
187303981
187308384
187313918
187320511
187321572
187329508
187333912
187366577
187387902
187418210
187421515
187421920
187433483
187437975
187439794
187440549
187443641
187448941
187454776
187456830
187473923
187476389
187477667
187486667
187489483
187494798
187499717
187500143
187505184
187521595
187534359
187538489
187546674
187548996
187551172
187553742
187562003
187588302
187592464
187601076
187620215
187622559
187626492
187644543
187645018
187646603
187659214
187659441
187662104
187667273
187671657
187685131
187687084
187715153
187715784
187729572
187729615
187745999
187767495
187771337
187778711
187784517
187786800
187796055
187797493
187797859
187800872
187805029
187817400
187831194
187833779
187834941
187836797
187838016
187840125
187852576
187857681
187859407
187877545
187881864
187882082
187885435
187885607
187897615
187924257
187935725
187949544
187956465
187960309
187963118
187969188
187971277
187971942
187980988
188002156
188004238
188004316
188011005
188018875
188048532
188057112
188069038
188071878
188076828
188082148
188082430
188087060
188106496
188112207
188118427
188127080
188132757
188133239
188142231
188159747
188162820
188172307
188172414
188181119
188185738
188195216
188228565
188232879
188247453
188250648
188255080
188261272
188271895
188280040
188288435
188294499
188299598
188305840
188322294
188340540
188341727
188345098
188347157
188350421
188352158
188356496
188357772
188361747
188364978
188368112
188369061
188372568
188375127
188378463
188384667
188396144
188397780
188399220
188399816
188401179
188404772
188434191
188448655
188451079
188458326
188461268
188463545
188463871
188492158
188497478
188508521
188513205
188515400
188526451
188532653
188533290
188536080
188536779
188538704
188540100
188542702
188549228
188560102
188575717
188579603
188579636
188582778
188586428
188588509
188595828
188603988
188608766
188609568
188618954
188621098
188641668
188644212
188648379
188650493
188663390
188679389
188680000
188680317
188681095
188685514
188688760
188689109
188690836
188692226
188702336
188707566
188708387
188708557
188711292
188716853
188716949
188722830
188754779
188757084
188760443
188763198
188766031
188767497
188769376
188780516
188780882
188782443
188782648
188792360
188792998
188801856
188805213
188808494
188809905
188814379
188817156
188828698
188829681
188831224
188842909
188844297
188858244
188859747
188872243
188874216
188879839
188907026
188912538
188936873
188954430
188957867
188970878
188976836
188982955
188983252
188983324
188984169
188984413
188988802
188992464
188994119
188998017
189000769
189004604
189010056
189011827
189014475
189022745
189023346
189028029
189053856
189056645
189072763
189082602
189098270
189117343
189127320
189130118
189130932
189140120
189142462
189159919
189160897
189163977
189171315
189172841
189182326
189190150
189193528
189197853
189201349
189205707
189205913
189216311
189218467
189220970
189225578
189230411
189230653
189239893
189245050
189269164
189273441
189302028
189313198
189317114
189317817
189320372
189327083
189327913
189331084
189334256
189337170
189338817
189342689
189344042
189344095
189344577
189351769
189353276
189354487
189354603
189358264
189369322
189369682
189374788
189376551
189377762
189380833
189382157
189388439
189396519
189396520
189398121
189402261
189409655
189414042
189417668
189434452
189439908
189453486
189456132
189471431
189472087
189476977
189478814
189484603
189484865
189488073
189489264
189494396
189494486
189495015
189495052
189499826
189501176
189508651
189513821
189517459
189520780
189533888
189541541
189542442
189547025
189565344
189568724
189568847
189570141
189577005
189591503
189591903
189603584
189606538
189608575
189611120
189614885
189638454
189638800
189650615
189661675
189664251
189665080
189672520
189696820
189698786
189699086
189711366
189715481
189719431
189733084
189741467
189741526
189758157
189785763
189786514
189792380
189795172
189796010
189800660
189804219
189812822
189815521
189839077
189840214
189841976
189843185
189849499
189854610
189855956
189859391
189867704
189873823
189874102
189874459
189877967
189881320
189884045
189884428
189884583
189898724
189919485
189921271
189926450
189950505
189950604
189968943
189984125
189985139
189987347
190003756
190010067
190011602
190022771
190026403
190029347
190030017
190031107
190031244
190034822
190035599
190037630
190038229
190038459
190039635
190046690
190050143
190053051
190055298
190058703
190064070
190071975
190086614
190086886
190101006
190103943
190113880
190121517
190122031
190123174
190128459
190133472
190134476
190147162
190149042
190159668
190160489
190161663
190167356
190168238
190174397
190176536
190180103
190183159
190185394
190186916
190188814
190194978
190198301
190199021
190200449
190208338
190216295
190217441
190225746
190229840
190241717
190248395
190252986
190279462
190281027
190283319
190301722
190303176
190309287
190311632
190311870
190311915
190317614
190328312
190337504
190342288
190350269
190356514
190377458
190379264
190381835
190385073
190386854
190412846
190417195
190419822
190421116
190424725
190438963
190440899
190456056
190458761
190468533
190476087
190481626
190484407
190484588
190492667
190496910
190500943
190508987
190512900
190513070
190513881
190522092
190545933
190549733
190552800
190558937
190572697
190576081
190576128
190583769
190588427
190596619
190600620
190605071
190613959
190616061
190618514
190621830
190638137
190639053
190668460
190674116
190676087
190695631
190718866
190720271
190726325
190753160
190757092
190781104
190788909
190793489
190808830
190847348
190856069
190858578
190917481
190927564
190958534
190964866
190972561
190977919
190985662
190989455
190989751
190992910
191007135
191034099
191042898
191060927
191075813
191077405
191083511
191092801
191093169
191106261
191124344
191130799
191142688
191148730
191162886
191165230
191177534
191194487
191210920
191212291
191223845
191237248
191241244
191242684
191242896
191244425
191245346
191248432
191253703
191256825
191259649
191261714
191277058
191281616
191286858
191288977
191292089
191293452
191293578
191296010
191297092
191299337
191325847
191340644
191342920
191343852
191350581
191352538
191359811
191367610
191378278
191386018
191396757
191397717
191401780
191403231
191405587
191406476
191407039
191407097
191409575
191412257
191413861
191417133
191422001
191426864
191429553
191438860
191479828
191493031
191497312
191504638
191507974
191520767
191522573
191523124
191530650
191542926
191561841
191574699
191591388
191600212
191600600
191609905
191611175
191618145
191618661
191633437
191633772
191641044
191641787
191644617
191649410
191655308
191663510
191680403
191681411
191689025
191702535
191702828
191706775
191715552
191730601
191736780
191738586
191749720
191755445
191758883
191771454
191771807
191772619
191775328
191780609
191792863
191796273
191801442
191801482
191806415
191815211
191817701
191825938
191827192
191859788
191861455
191863303
191868451
191879334
191883234
191884065
191889270
191891657
191892656
191895689
191896237
191896530
191898325
191901926
191903061
191911877
191930066
191939521
191944326
191946134
191972131
191984447
192000389
192002301
192004777
192032328
192039380
192043775
192049859
192051934
192062522
192062921
192074494
192122750
192123988
192125529
192128666
192131507
192131623
192133500
192136687
192139440
192142506
192145335
192166846
192172107
192176034
192180577
192197363
192201882
192212157
192219671
192238196
192247281
192249226
192263463
192280470
192282025
192295041
192304843
192311861
192328145
192330534
192350701
192374967
192380769
192387823
192387882
192392762
192423378
192431036
192432186
192432918
192433269
192434330
192438486
192444743
192448516
192455052
192456708
192457683
192458159
192468002
192471462
192473430
192474799
192474886
192477293
192487046
192505579
192543114
192548021
192557300
192560358
192566039
192571786
192572302
192573407
192575317
192577801
192580218
192592857
192597511
192597689
192598134
192614768
192622838
192648681
192654391
192659302
192666619
192678216
192681987
192690283
192705586
192709628
192711134
192720270
192727422
192736542
192749368
192750321
192751012
192761375
192761534
192767370
192777512
192785793
192800189
192801969
192803902
192806807
192807100
192809109
192815652
192816591
192829250
192836023
192845612
192852281
192855019
192855536
192855705
192876419
192887861
192896000
192925050
192941793
192944506
192960417
192961335
192972713
192981093
192986020
193005856
193010879
193018709
193019959
193020252
193020713
193025276
193030582
193039823
193039988
193047010
193058370
193060180
193062993
193065069
193073065
193074833
193086396
193087994
193088094
193094813
193094917
193096565
193097456
193102180
193102549
193104837
193109837
193109934
193115226
193148729
193148775
193153889
193156348
193168632
193170596
193170636
193170639
193172632
193179904
193187177
193191543
193191602
193196066
193196564
193203424
193220339
193222696
193227737
193236141
193245619
193260631
193262228
193264226
193276586
193278272
193278492
193279765
193279978
193282052
193283068
193285057
193288658
193290807
193292972
193299745
193301120
193304540
193306950
193311635
193315290
193318594
193319994
193325976
193334238
193342290
193343299
193354604
193380910
193382134
193388530
193393485
193404802
193422725
193422788
193429815
193452391
193452858
193457727
193463009
193475955
193479417
193486116
193486696
193487839
193489948
193491861
193516112
193518022
193520990
193542933
193544573
193545027
193546965
193552590
193556632
193573566
193581872
193584479
193586474
193589306
193589660
193597586
193599890
193600918
193604580
193608740
193610358
193612889
193619485
193622775
193626826
193629555
193631620
193636518
193641340
193641845
193676742
193679363
193682315
193695115
193714322
193733004
193733667
193734398
193744847
193746555
193750990
193752104
193754719
193755982
193761914
193762861
193765196
193779275
193782729
193784549
193795702
193812290
193814934
193836348
193859500
193862792
193863052
193865048
193880857
193883234
193896545
193906280
193915116
193915509
193915523
193922894
193924209
193924621
193940153
193941216
193943030
193945283
193973362
193978206
193981285
193996088
193997708
194015633
194034670
194035479
194046114
194050622
194055229
194056440
194057713
194058962
194065903
194067118
194073193
194074490
194075037
194091075
194091880
194108955
194110102
194110184
194122171
194123430
194124217
194124647
194131732
194132948
194133511
194148669
194153529
194160331
194161874
194190590
194194599
194194695
194200758
194211068
194248427
194249257
194250448
194261777
194262184
194262684
194266340
194270213
194271971
194273611
194279794
194286429
194290536
194295237
194299468
194310208
194310247
194310260
194312148
194315239
194317654
194324940
194335149
194342818
194344323
194355841
194367357
194372863
194375884
194379966
194382681
194383352
194385637
194388819
194400523
194415071
194419944
194426007
194427593
194432075
194436607
194437572
194439541
194440136
194441823
194443025
194449124
194453465
194453849
194461223
194462836
194464344
194468344
194472364
194473767
194476749
194477872
194482902
194487606
194509824
194518295
194520287
194531180
194534124
194548858
194550337
194553934
194554811
194562551
194568935
194576992
194578867
194579061
194581887
194587422
194589977
194590621
194591315
194591702
194593223
194597115
194599336
194599365
194599465
194599809
194608027
194615986
194616831
194622314
194623389
194624636
194624702
194625752
194633817
194640001
194641221
194642162
194648254
194648875
194662426
194670688
194676969
194682996
194701272
194711288
194716833
194724569
194728964
194738046
194741764
194754910
194762670
194764640
194773789
194779079
194779980
194783332
194787293
194788433
194791507
194791907
194795444
194796123
194796274
194797244
194854189
194861145
194880589
194880635
194889425
194899638
194901291
194902511
194904181
194908470
194909926
194913707
194927880
194940901
194941414
194941530
194941772
194967325
194968808
194972553
194981102
194993044
194995165
194998732
195000372
195000394
195006135
195006756
195008516
195011919
195014989
195016832
195021814
195028961
195031592
195043324
195060239
195068338
195068675
195092617
195093667
195099308
195099908
195102408
195103517
195104698
195107884
195110993
195111804
195116540
195119777
195120783
195132682
195133548
195137852
195157290
195158413
195166984
195173811
195176434
195176670
195186693
195190480
195195086
195215805
195221951
195228274
195228546
195242107
195246778
195261055
195266019
195281689
195286287
195293525
195294082
195297908
195311105
195315250
195320390
195320821
195333559
195334978
195337207
195338598
195346879
195357484
195358899
195365034
195379844
195386907
195402382
195415270
195418635
195421318
195425528
195425541
195426960
195431324
195438589
195443994
195444308
195446304
195458237
195461002
195464586
195473091
195473373
195475585
195482552
195484788
195488016
195501013
195508124
195512644
195513796
195527956
195539314
195547324
195553503
195583911
195588330
195592859
195596681
195604301
195620304
195623536
195625775
195627464
195629516
195635276
195636659
195638484
195641410
195646949
195648061
195654137
195654892
195660506
195664918
195671415
195689581
195692155
195692189
195693088
195695792
195698204
195709679
195716193
195735336
195746366
195751689
195759693
195764003
195769380
195770206
195771062
195788138
195788448
195788770
195789100
195796984
195810246
195819822
195823465
195824146
195825117
195828845
195829402
195829431
195838115
195838622
195855261
195858094
195859326
195865759
195867712
195867779
195894639
195898523
195900361
195905000
195908140
195911730
195914686
195918098
195922868
195928889
195930098
195934587
195937727
195954176
195954179
195960551
195980793
195985691
195995641
196003425
196009427
196012033
196013144
196015382
196027665
196027723
196039098
196045316
196046887
196052116
196052470
196069131
196079006
196081124
196096583
196098306
196102486
196103085
196106383
196120027
196121797
196122050
196122575
196124234
196126837
196128730
196132585
196137872
196138054
196139407
196139671
196143576
196144013
196151491
196152483
196167158
196172091
196172326
196174372
196174893
196177062
196179528
196179547
196180306
196186012
196190227
196192955
196197747
196199879
196209518
196210472
196212154
196213530
196238728
196239166
196243724
196245133
196247855
196251285
196252575
196263383
196275808
196283216
196287476
196290332
196312859
196316583
196316784
196321213
196333592
196336566
196341435
196343768
196355007
196363668
196369313
196376083
196377843
196385206
196388729
196392196
196396816
196398603
196400109
196406290
196406579
196415498
196421023
196423750
196436636
196443114
196452533
196452978
196460944
196498849
196510034
196523514
196527431
196532354
196558452
196564154
196564979
196568464
196577482
196586456
196592915
196594384
196595320
196606376
196612413
196618050
196628059
196631444
196632245
196641076
196648498
196649349
196654081
196654807
196662110
196664576
196666526
196668822
196674647
196675907
196678502
196685269
196685877
196685890
196685961
196687551
196690503
196693051
196713972
196718076
196728844
196743700
196743820
196748289
196762020
196766508
196773204
196799127
196802257
196803920
196820741
196821412
196827746
196829485
196843706
196845745
196847006
196849769
196854234
196854460
196858802
196860003
196861389
196865154
196901372
196901863
196919922
196935716
196955290
196956216
196966661
196967787
196969178
196969651
196973192
196977654
196979577
196981207
196984522
196991249
196998267
197001628
197004026
197006322
197006404
197008667
197010050
197010435
197012753
197029912
197031038
197032843
197040024
197052179
197052262
197058131
197061867
197063032
197069480
197072865
197075224
197088282
197097230
197101218
197105323
197112615
197131407
197132329
197133582
197147669
197154382
197155421
197160856
197163508
197163612
197164861
197169225
197169906
197177882
197179563
197185723
197199673
197199998
197210301
197219968
197228405
197239984
197241397
197241772
197242147
197244190
197258579
197259428
197268497
197268502
197268534
197270707
197274698
197275941
197299176
197300572
197304433
197308651
197313283
197313406
197314492
197319352
197320282
197323745
197324948
197336001
197337334
197338542
197348398
197352262
197355496
197360230
197361689
197368452
197368483
197370295
197373970
197376293
197376778
197377399
197378427
197380195
197387170
197390496
197395179
197411373
197415601
197424605
197427491
197436004
197440014
197445400
197447142
197448980
197449507
197456302
197456946
197463179
197467844
197469814
197473639
197474301
197477698
197481309
197482720
197500928
197503348
197514520
197518908
197520695
197521831
197526782
197527994
197528100
197528776
197529924
197532663
197532846
197536498
197546700
197547674
197556310
197562762
197562884
197565295
197577149
197587341
197597027
197608482
197613961
197618514
197626579
197637858
197646926
197652674
197664743
197683165
197687223
197689181
197690708
197693941
197696724
197701131
197702530
197717232
197718373
197724555
197729085
197734422
197736004
197738993
197740675
197742965
197757963
197766888
197766905
197779444
197780433
197781822
197788022
197805872
197828917
197828933
197829026
197847616
197859449
197862259
197864865
197874650
197883088
197890672
197892693
197900193
197903708
197907608
197913056
197914824
197914830
197915136
197924508
197924960
197927412
197928897
197930491
197935749
197937936
197946941
197948896
197949365
197955457
197958580
197960164
197964159
197964188
197964601
197969317
197975504
197982663
197986462
197990147
198003941
198007584
198009899
198010387
198010395
198014850
198014859
198016881
198031336
198033142
198034045
198036898
198055079
198058663
198058949
198078846
198081898
198085784
198089678
198095044
198099301
198100098
198100721
198105624
198110924
198114059
198116557
198131005
198131549
198138406
198138687
198140962
198141091
198143032
198147174
198148144
198149735
198155051
198161106
198174614
198174981
198178708
198184019
198186127
198193080
198198361
198203405
198207475
198217522
198218574
198223683
198224912
198227206
198241639
198258352
198258632
198260770
198262253
198266228
198268221
198268377
198270871
198273329
198276939
198282227
198283993
198286221
198295045
198306906
198307810
198318535
198325413
198328836
198333088
198335029
198336685
198339127
198341690
198347242
198347447
198351751
198352316
198352494
198356854
198357075
198359051
198366130
198373496
198377922
198385822
198387707
198395460
198396075
198398566
198400463
198400619
198403210
198403240
198407417
198414266
198419534
198420602
198430452
198438225
198449770
198455967
198457958
198462585
198462910
198466113
198477789
198483372
198504289
198511347
198523296
198527745
198530902
198531962
198536025
198536998
198546499
198546974
198566846
198571919
198572018
198573862
198576064
198577099
198581287
198587986
198589184
198590400
198591228
198600270
198612503
198616170
198616249
198618240
198618672
198619167
198628197
198631211
198637940
198638379
198644037
198651534
198652275
198658853
198682240
198698081
198702466
198706597
198712579
198722995
198725155
198729247
198740210
198740242
198753732
198756627
198757033
198760781
198766019
198776508
198780966
198781889
198782459
198783757
198794432
198796610
198797020
198799686
198804987
198805008
198808153
198812771
198816017
198816765
198819557
198822856
198830268
198833410
198837919
198838452
198839381
198840971
198850534
198853018
198854217
198854363
198854758
198854782
198856758
198861545
198865157
198865742
198876987
198893532
198900435
198901098
198903464
198910253
198915426
198915533
198915564
198916519
198924118
198924644
198925882
198933289
198934919
198944800
198946567
198953087
198958872
198964419
198969559
198970590
198973023
198984895
198985234
198989444
198994131
199001511
199003190
199003230
199004082
199006088
199006187
199008674
199014124
199019097
199020466
199022319
199025093
199028063
199029704
199029856
199031375
199032198
199035261
199042790
199049982
199049987
199052082
199052209
199052232
199052258
199052267
199061771
199062936
199066089
199067875
199071340
199077940
199082228
199085368
199086596
199089553
199090098
199091508
199099577
199101289
199102347
199103176
199105775
199112263
199124513
199124516
199125939
199129574
199139382
199140481
199143225
199148008
199153241
199155102
199155163
199157133
199157162
199160234
199161326
199161926
199163469
199166711
199166809
199167049
199167321
199174147
199174566
199175269
199183345
199184350
199187658
199189354
199200048
199204416
199210348
199210518
199210556
199216262
199221338
199234130
199234593
199234698
199243447
199249906
199249917
199249932
199249957
199249976
199249993
199251948
199254673
199257921
199259275
199260247
199262213
199297610
199302838
199320849
199321890
199322999
199341020
199341474
199346743
199351303
199354032
199355029
199357982
199364757
199365546
199367123
199377718
199380208
199389828
199393359
199393401
199409382
199414288
199414390
199417215
199422514
199424113
199424635
199433789
199434221
199437295
199437963
199438021
199442872
199452755
199453428
199461983
199462994
199463691
199476770
199494809
199501383
199501463
199501917
199502186
199506022
199506102
199506828
199517207
199518955
199520512
199524569
199531429
199535743
199537743
199547899
199553119
199558171
199573195
199573818
199574259
199574302
199576424
199577294
199577609
199578289
199583749
199585481
199613516
199613557
199614062
199615981
199616588
199616694
199616698
199620097
199625641
199625720
199626818
199627291
199627347
199627617
199627633
199639273
199640679
199647770
199649071
199652268
199653680
199655621
199655668
199655699
199663596
199664256
199668349
199671657
199673544
199675877
199678650
199683951
199684017
199696819
199699966
199707339
199711345
199711877
199714857
199715635
199721834
199724834
199728305
199728658
199733540
199739656
199739709
199743237
199746408
199747369
199750304
199755109
199757021
199759333
199763674
199763717
199763963
199766634
199767543
199768484
199770809
199772696
199781265
199783485
199792395
199816469
199817522
199818496
199821404
199823325
199824366
199825837
199827593
199828468
199830591
199836957
199839256
199840020
199842336
199850135
199867258
199876986
199877226
199879877
199881825
199882942
199883774
199884512
199885179
199890212
199894533
199898352
199901204
199905512
199905581
199909355
199910279
199913230
199916120
199916427
199916429
199916472
199916476
199916478
199916481
199916489
199916531
199916544
199916609
199916610
199916623
199916744
199916747
199916758
199916922
199919963
199919969
199919977
199919978
199919984
199919988
199920001
199920003
199920004
199920008
199920014
199920024
199920033
199920486
199921921
199926163
199926380
199927076
199928241
199928534
199934133
199936376
199938807
199941649
199948106
199958791
199971704
199982338
199987603
199997120
200003046
200004039
200009079
200016683
200017930
200019680
200032363
200040042
200040556
200041713
200043109
200043114
200044329
200047890
200047945
200057121
200057450
200057741
200059462
200061352
200066420
200066645
200075421
200076857
200077247
200078556
200080634
200081437
200084379
200085181
200092605
200102114
200111024
200112638
200117158
200118533
200126279
200127292
200127608
200134268
200138739
200139374
200140035
200140186
200158688
200162998
200168595
200170940
200171113
200180442
200182751
200206002
200212881
200214458
200230581
200234535
200234552
200235009
200237077
200239059
200243206
200244674
200246708
200254017
200255964
200257072
200265876
200266444
200269612
200270648
200272334
200272558
200277539
200279693
200279757
200279987
200280465
200283088
200284954
200290252
200296972
200306067
200322151
200324109
200325756
200329751
200332477
200334419
200337877
200350778
200351732
200360843
200362771
200363192
200365008
200368919
200373138
200373766
200387311
200388763
200391327
200398354
200401685
200403823
200416124
200419249
200419321
200419546
200421955
200424077
200424853
200429497
200429698
200429840
200433566
200436131
200436878
200439721
200446156
200447924
200448388
200449683
200453165
200453820
200457914
200463307
200464397
200469272
200481879
200482233
200485538
200491450
200494346
200504241
200511530
200525974
200529768
200543171
200544476
200544572
200549548
200553701
200553918
200554198
200554547
200554755
200558027
200564555
200569366
200599247
200609957
200613496
200614531
200626028
200631024
200631453
200634980
200637323
200639361
200652487
200655332
200659377
200664384
200664895
200667040
200671304
200673228
200687214
200690847
200690892
200694483
200709112
200711955
200716094
200723053
200724906
200737326
200739653
200743859
200743993
200754573
200755944
200757004
200772299
200776214
200779356
200780446
200782037
200782931
200787404
200788373
200800365
200810216
200810925
200816275
200817301
200817433
200818493
200830362
200830536
200844699
200849577
200851573
200863910
200869881
200877713
200884070
200884678
200886724
200889477
200890730
200894080
200896346
200899743
200911205
200913396
200915845
200917696
200921090
200931699
200939810
200941710
200944239
200946712
200947312
200947742
200951008
200955115
200965638
200975567
200976606
200976699
200980516
200980967
200989937
200996640
201009611
201016345
201020811
201021065
201022818
201023365
201031851
201040181
201050772
201051908
201055691
201057753
201058309
201059546
201061093
201061870
201064429
201064836
201066568
201067754
201067799
201070938
201074339
201075547
201084504
201089818
201097407
201099048
201102367
201105586
201109954
201119409
201127524
201128267
201134567
201139635
201142611
201143772
201144562
201157957
201158020
201159142
201166321
201166922
201167449
201182297
201182722
201190462
201192955
201193582
201194811
201196782
201204029
201205627
201209761
201211770
201213395
201213922
201214999
201216600
201217302
201217919
201220256
201225472
201227051
201231078
201237825
201239178
201246301
201253842
201256263
201257399
201265928
201268618
201283129
201283557
201287402
201288931
201290833
201290834
201301789
201309470
201313189
201317467
201320029
201320072
201323070
201329216
201337686
201338049
201341687
201342947
201346770
201349209
201367163
201369563
201370725
201372153
201373491
201374202
201375059
201375714
201383867
201392695
201394478
201400095
201401496
201404781
201404856
201405804
201412502
201420166
201420728
201421323
201421854
201423471
201425747
201425961
201432475
201435123
201435348
201436822
201447313
201449946
201455615
201464878
201466572
201475344
201483642
201488254
201488593
201488976
201490546
201490936
201495671
201495870
201496092
201496106
201524214
201526783
201529995
201532829
201534642
201555295
201559478
201561993
201575133
201575270
201575623
201576092
201576208
201582159
201587693
201593079
201597470
201599633
201610099
201610517
201619006
201619631
201628335
201638536
201638761
201639957
201640344
201640594
201641007
201643076
201657718
201666873
201669725
201670246
201672020
201676684
201677611
201677790
201689807
201707819
201707934
201713731
201717380
201718375
201718905
201720407
201720721
201720917
201722253
201722431
201723951
201727218
201734830
201739850
201744445
201749009
201751803
201755379
201764187
201765956
201765966
201766539
201767453
201771492
201774286
201774547
201781475
201786651
201787091
201790661
201793039
201795968
201799839
201801696
201802818
201803052
201804656
201811794
201815375
201833289
201834608
201837630
201838960
201839690
201840314
201842194
201849648
201851682
201854565
201858916
201865827
201870789
201877933
201883467
201886603
201887930
201897498
201898594
201905792
201911020
201920010
201921880
201923809
201924399
201925544
201925705
201925923
201932645
201940727
201947297
201952581
201955883
201956114
201962222
201968558
201972343
201973408
201974340
201975957
201977605
201978628
201984694
201987376
201988403
201995244
201995587
202000698
202009013
202011217
202014380
202014888
202015637
202016107
202021868
202031514
202035699
202036921
202038522
202042708
202043917
202047693
202048823
202050334
202055905
202059088
202059453
202059459
202061413
202069406
202071628
202072488
202080888
202082633
202083353
202083931
202084069
202088329
202091833
202091844
202091879
202093636
202095268
202096092
202100450
202103877
202116226
202121639
202122614
202126794
202141123
202146687
202146895
202155429
202157760
202158957
202167799
202177789
202187094
202189664
202190026
202191486
202192239
202196176
202196179
202196246
202200195
202201693
202209337
202210726
202216481
202219828
202225163
202229943
202234010
202236383
202242092
202242746
202243192
202245817
202254077
202256463
202256696
202256970
202260240
202266068
202267668
202275167
202276758
202278060
202279649
202285585
202285973
202290820
202290858
202293495
202295532
202295866
202296941
202297309
202297692
202300863
202317474
202319076
202319226
202319345
202322308
202324869
202327325
202334135
202334394
202342177
202342202
202351051
202355684
202355686
202357902
202360084
202368050
202368320
202370200
202376476
202376784
202378899
202381032
202381167
202381460
202381662
202389053
202389813
202408471
202411570
202415548
202418800
202421942
202424382
202425756
202427538
202428107
202439913
202440185
202452156
202455794
202461452
202463270
202463773
202464477
202474813
202480315
202480784
202485224
202495012
202498057
202508214
202508586
202511562
202512405
202520696
202523083
202537268
202552110
202566247
202567060
202586426
202588793
202599025
202615698
202621557
202622011
202625504
202627127
202628675
202637830
202640032
202643267
202643837
202644717
202651034
202652480
202653755
202653865
202653927
202658332
202658960
202662741
202668141
202683427
202686707
202693009
202705072
202710367
202711916
202712268
202714799
202718845
202719543
202722550
202723409
202724917
202727413
202735235
202735503
202737059
202739771
202744416
202744557
202746469
202752835
202757836
202760689
202761047
202771458
202773596
202781152
202783781
202786468
202794968
202798019
202799093
202808179
202818481
202822290
202836366
202836748
202836800
202841607
202844225
202846497
202860432
202868321
202869040
202869180
202870829
202881505
202883263
202884138
202884956
202885305
202886101
202888639
202903521
202905449
202915998
202916150
202916333
202921217
202925016
202925424
202931508
202931893
202932573
202933679
202936959
202936974
202943782
202949033
202951642
202952629
202961839
202964732
202966517
202966749
202967436
202978685
202979364
202985942
202988027
202998044
203011201
203015021
203015249
203016535
203017188
203019009
203019677
203019950
203026970
203027912
203033215
203033402
203034865
203035511
203036950
203046327
203068574
203072596
203076948
203077104
203084477
203087668
203090332
203102213
203104424
203104445
203105492
203108626
203120718
203138369
203151720
203159552
203161737
203166120
203186319
203187419
203191161
203196427
203200531
203200630
203202619
203208434
203208784
203220680
203223244
203226619
203232638
203237371
203244248
203245165
203247972
203248386
203248781
203250895
203252267
203253756
203254284
203255183
203259045
203259312
203264123
203265222
203266268
203267613
203271002
203273884
203285151
203289227
203289271
203294947
203295206
203301016
203301261
203312244
203314396
203315816
203315831
203316163
203330608
203346689
203351114
203351872
203358292
203358833
203358855
203363381
203366346
203371872
203388847
203394006
203394237
203399424
203404396
203406145
203411177
203414951
203422827
203425297
203426341
203431813
203438478
203442333
203451336
203451350
203451362
203456717
203457031
203460881
203461312
203461533
203463292
203471906
203480290
203484288
203486524
203490288
203494606
203497721
203505584
203510290
203510300
203513552
203520303
203533955
203540803
203540806
203540807
203540808
203540935
203541310
203548206
203548826
203551537
203551831
203555803
203560899
203568041
203572411
203576423
203578497
203581429
203587899
203588059
203605389
203606677
203609885
203618151
203637163
203638925
203641368
203647263
203648556
203666280
203671573
203677994
203679982
203680842
203682606
203688899
203692900
203694069
203694704
203695291
203695718
203702347
203711175
203725849
203727357
203734581
203739517
203739584
203744827
203745432
203745827
203752747
203752790
203756088
203758845
203760570
203761443
203761705
203771302
203774909
203781210
203782503
203784368
203785299
203785464
203785788
203793112
203793324
203795189
203799846
203804105
203804497
203807133
203808755
203812323
203817573
203818424
203827300
203837254
203837269
203846578
203846691
203852847
203854913
203856067
203859045
203859915
203861895
203870177
203875548
203879416
203885162
203886220
203892175
203897210
203898690
203899690
203906829
203909250
203909882
203914783
203915888
203916752
203918870
203924677
203928876
203935976
203940613
203943298
203944022
203956086
203956720
203957364
203957794
203961344
203963982
203986160
203997600
204001294
204002063
204002651
204006062
204009667
204012207
204013006
204013635
204016260
204018051
204018569
204027548
204030402
204036774
204037249
204037845
204040176
204041559
204055387
204057894
204057903
204057908
204061652
204070148
204070714
204071390
204073749
204084187
204087271
204090130
204100849
204110226
204113435
204114149
204120041
204121321
204123060
204124851
204133933
204135778
204153959
204161914
204164396
204164998
204171616
204172799
204173056
204173914
204174278
204175161
204178139
204180143
204182387
204182682
204185106
204190820
204191582
204192379
204194641
204198395
204204718
204207266
204207271
204207638
204208156
204208254
204210491
204223226
204228797
204240474
204253685
204257081
204258040
204263000
204267500
204268411
204276358
204277827
204281389
204281428
204281577
204284758
204285052
204286717
204287632
204294537
204303116
204309168
204313845
204316580
204317397
204318118
204326604
204336156
204341704
204345293
204348986
204352770
204355686
204366850
204372657
204379005
204380241
204381684
204382368
204386928
204389864
204394501
204394523
204396852
204400190
204408147
204408157
204414354
204415407
204432743
204434355
204438603
204439887
204440667
204440835
204448023
204449567
204454962
204465299
204473776
204477694
204484626
204487811
204489302
204501695
204502764
204506313
204507140
204509872
204511408
204513910
204515911
204516542
204519598
204529549
204531589
204531624
204535025
204543385
204543585
204550372
204552905
204553578
204572900
204578325
204580731
204590143
204591242
204601415
204601994
204602245
204605481
204605489
204605560
204606029
204606991
204609354
204612795
204615667
204622084
204622447
204622971
204626603
204627124
204641018
204641021
204643155
204644623
204644714
204648110
204652809
204652810
204652924
204652927
204653777
204654465
204654471
204659768
204661352
204665829
204672258
204672262
204675404
204675405
204678136
204678160
204678243
204678875
204679293
204679639
204679836
204680199
204680430
204681865
204682642
204683388
204684267
204685302
204685418
204685420
204687100
204687939
204688119
204688458
204688498
204689575
204694661
204697049
204697678
204705054
204705269
204709059
204711591
204715465
204719230
204726225
204726595
204726603
204728220
204728636
204729909
204737892
204742232
204743178
204750225
204750287
204753870
204753879
204753882
204756773
204760002
204761204
204762422
204762797
204771304
204771870
204772414
204773436
204780804
204787911
204792298
204802928
204802932
204806538
204807917
204811893
204814104
204819388
204819413
204821617
204822144
204831378
204832675
204835779
204840258
204840512
204841420
204842039
204842063
204842737
204848011
204848597
204851405
204852313
204853536
204858198
204860508
204864040
204868371
204875688
204876030
204883718
204889617
204890289
204897818
204898408
204899675
204900404
204901824
204902924
204904650
204904695
204904795
204922320
204922582
204923762
204925290
204930693
204937304
204943824
204946930
204951075
204953901
204957101
204957555
204957792
204958894
204961271
204964068
204965100
204970345
204970354
204979325
204979338
204990630
204991531
205001820
205002839
205007011
205010188
205010649
205016324
205017347
205020868
205022295
205022881
205023515
205034082
205035709
205037295
205038536
205039713
205042693
205054918
205066160
205067970
205071055
205071881
205089412
205094223
205099519
205117182
205118258
205124202
205129714
205130338
205133209
205133405
205137960
205141264
205144321
205146762
205155354
205159953
205160418
205162094
205165470
205169932
205170363
205170421
205182276
205182392
205187694
205187999
205188768
205191177
205191923
205193943
205202275
205202374
205209723
205213737
205213751
205213755
205218104
205220262
205226083
205235406
205238664
205246063
205251379
205258334
205263018
205265853
205286342
205291350
205318652
205323022
205325103
205326339
205330779
205336598
205337333
205338515
205338844
205340087
205340422
205340466
205340549
205343339
205345680
205346000
205352650
205353905
205354177
205354468
205357891
205359712
205360051
205362899
205365437
205365992
205371081
205378363
205379531
205385176
205386289
205388162
205395387
205395961
205399086
205401197
205402154
205404335
205406645
205406664
205410717
205431193
205435921
205436570
205457927
205466155
205477093
205477760
205479218
205479603
205483263
205485491
205487381
205492120
205492585
205506425
205516774
205520766
205528185
205529456
205532112
205534767
205535241
205536701
205539313
205539968
205541026
205541307
205548483
205548506
205556031
205557964
205562758
205565121
205565323
205566385
205568538
205571436
205576545
205580725
205582195
205582448
205583226
205583430
205585305
205590047
205590055
205593778
205597514
205599234
205600737
205604110
205604893
205607873
205616910
205622937
205626439
205635908
205639488
205640404
205642398
205648846
205667470
205670282
205673023
205676291
205680597
205680773
205683396
205683534
205687441
205689343
205693743
205696675
205697401
205705666
205708695
205708732
205714562
205718461
205723254
205723255
205723858
205724902
205727539
205738203
205741765
205744690
205754949
205758104
205761582
205762363
205762896
205764678
205765803
205766610
205769955
205770529
205773470
205773514
205774993
205777215
205777737
205782538
205783121
205783996
205784487
205785832
205790310
205792547
205793431
205800115
205806576
205809553
205813198
205827108
205827481
205830535
205833700
205834239
205840112
205841008
205850676
205850682
205851080
205855194
205858656
205858663
205859745
205860370
205861865
205864385
205868950
205875094
205878927
205881532
205883312
205889960
205898101
205898956
205900294
205901305
205902944
205909888
205917555
205919684
205945244
205948382
205957044
205962384
205962501
205978006
205978008
205983918
205993950
205995111
206009839
206014336
206014970
206015020
206017714
206018442
206025392
206026740
206031046
206031828
206039257
206048978
206052525
206053569
206054591
206059349
206074626
206079079
206080795
206080880
206084929
206085269
206087833
206090406
206090452
206096610
206103387
206103948
206106099
206119807
206121680
206124919
206135380
206140287
206143412
206144353
206145808
206153078
206163094
206174886
206177249
206180332
206183458
206186006
206189413
206190718
206207936
206215639
206217172
206218825
206225277
206233255
206233269
206238687
206239274
206244080
206244480
206247111
206247796
206256429
206256576
206258924
206264664
206266579
206271134
206271149
206272197
206275023
206281182
206281228
206282199
206283563
206286937
206288871
206292367
206295020
206297455
206306030
206308038
206317236
206317394
206319820
206326320
206327283
206327964
206329002
206329867
206332881
206336088
206338012
206338089
206347026
206347733
206353878
206354240
206356811
206363277
206364604
206365000
206371623
206371958
206373122
206373750
206382351
206390225
206392046
206400834
206403271
206408448
206422088
206424339
206428702
206431043
206440102
206440534
206451276
206455185
206460225
206463670
206484148
206485001
206496490
206498079
206509724
206512414
206513013
206514991
206516010
206517902
206518207
206520175
206521936
206522721
206526821
206530786
206543005
206543021
206545077
206554095
206557442
206564004
206600914
206601312
206605279
206610391
206618405
206625600
206630459
206639952
206645244
206648925
206649135
206650367
206650632
206651957
206657635
206666745
206667660
206668632
206677244
206677311
206684366
206684483
206685452
206685683
206700558
206704989
206709894
206710779
206713263
206713668
206713988
206725247
206730297
206731163
206735058
206746172
206753617
206758716
206762209
206781742
206792257
206797787
206798356
206799806
206807258
206810922
206816572
206829241
206836581
206841130
206842373
206843111
206843635
206849255
206850324
206851178
206856347
206857355
206861115
206867369
206870718
206872867
206873292
206883380
206886333
206886614
206889369
206890652
206891412
206894635
206910432
206916539
206923563
206932648
206933229
206935405
206937320
206942020
206943862
206944802
206946393
206946395
206946765
206947630
206949499
206950569
206955085
206959780
206971550
206981615
206983561
206988003
206989369
206990632
206994780
206996767
206999683
207000119
207000120
207004494
207014665
207014816
207027468
207029153
207033312
207038252
207043292
207052061
207058316
207060219
207067969
207071438
207074332
207082680
207093789
207095453
207101344
207101553
207101933
207101941
207104116
207106036
207106215
207107621
207112876
207117650
207120729
207127105
207129558
207145041
207146181
207198792
207200924
207203400
207203531
207204036
207207981
207210347
207211127
207235921
207237364
207239095
207241312
207252736
207254673
207255067
207257690
207257997
207258155
207258332
207258477
207260726
207273241
207275988
207281642
207289555
207295538
207297751
207301389
207306025
207307869
207308181
207308586
207315396
207315463
207329313
207333255
207335303
207347279
207360060
207369390
207370651
207371359
207371994
207375353
207388434
207398593
207406715
207408270
207412174
207412664
207413314
207416688
207419579
207422553
207426545
207426669
207429612
207431069
207431104
207455868
207456265
207463980
207465646
207471465
207481431
207489683
207492733
207498777
207499515
207502119
207505431
207513609
207513616
207514287
207524434
207527599
207533552
207533916
207536579
207536582
207539831
207543982
207545851
207546008
207546167
207546721
207560483
207566864
207586761
207587946
207588893
207600494
207603694
207606648
207607856
207608741
207609813
207616016
207622547
207623647
207623955
207629415
207629522
207631999
207636614
207649933
207656834
207672224
207674029
207674044
207685635
207688518
207689688
207690283
207701894
207702032
207703711
207706908
207716210
207717832
207727784
207747073
207747963
207752375
207756615
207761209
207767459
207772246
207776609
207777078
207777650
207780998
207781503
207782742
207785050
207786139
207793027
207795180
207799003
207809565
207810267
207813700
207814173
207822838
207832404
207835001
207838587
207842567
207844210
207857941
207874076
207875424
207883284
207883878
207888566
207888870
207895464
207913576
207931659
207940257
207947538
207949846
207954655
207962691
207963650
207964762
207968039
207975698
207984508
207987614
207988749
207989628
208015643
208022419
208025073
208025452
208025950
208053546
208058434
208062870
208092637
208093112
208093126
208103432
208116031
208116053
208116212
208118343
208119929
208123908
208127633
208127665
208127758
208130949
208133468
208140041
208145521
208149790
208155080
208168421
208175378
208175598
208189779
208197268
208200998
208207918
208208282
208209839
208216843
208217320
208240501
208240560
208243496
208245327
208254955
208257116
208278477
208279328
208281606
208282948
208304788
208316186
208331145
208332669
208339664
208342919
208345161
208348771
208355696
208357842
208360460
208362054
208366298
208374754
208388471
208400495
208403638
208411376
208419124
208429079
208452920
208464054
208466949
208467977
208476301
208476333
208481376
208481489
208487568
208492075
208494381
208509348
208514195
208517854
208527661
208529210
208534382
208535277
208536601
208537890
208550959
208553187
208559286
208560598
208564007
208576884
208578154
208579998
208588951
208602770
208603411
208606527
208607230
208619756
208620908
208621882
208648398
208654711
208657537
208676424
208676985
208683626
208687159
208689729
208700877
208700890
208702360
208709429
208710275
208711642
208736919
208738558
208741794
208744438
208752748
208756933
208761490
208769795
208773097
208823318
208834216
208843092
208848393
208849471
208850900
208855279
208858431
208858433
208858434
208878751
208880553
208886989
208895416
208896202
208905447
208908057
208917054
208921119
208925059
208930178
208931716
208934393
208934735
208936180
208937777
208945650
208949800
208950058
208958586
208995501
208997312
209004909
209008709
209019554
209025997
209026635
209031501
209035347
209038495
209051570
209055429
209056563
209066592
209074724
209075383
209078416
209082356
209085710
209085752
209087227
209099881
209102024
209111614
209116563
209124930
209126084
209130266
209136186
209151488
209152514
209159792
209160008
209172068
209173669
209177013
209182541
209183338
209194102
209195027
209201415
209228785
209238070
209239964
209252293
209272706
209275945
209279894
209285716
209286188
209286575
209304557
209317152
209319292
209321640
209325257
209327770
209336941
209343215
209344472
209344640
209358418
209361661
209367445
209372466
209379570
209379643
209382919
209415269
209434910
209435271
209459461
209470752
209471645
209473851
209475618
209479785
209482280
209485773
209489476
209490157
209494106
209499227
209516601
209520066
209527485
209529239
209536748
209542019
209555600
209570709
209573135
209575997
209581498
209590823
209594235
209595537
209595842
209596281
209597172
209597179
209601375
209603489
209613589
209616468
209625796
209633467
209638083
209638125
209642326
209642879
209644971
209654264
209657548
209657863
209670985
209673151
209675597
209679000
209687043
209690321
209702072
209708836
209736757
209754059
209797419
209808025
209812527
209819015
209830699
209840305
209843052
209855071
209886093
209894508
209903385
209903754
209903771
209903774
209903783
209915896
209920298
209922888
209923825
209929834
209930210
209933353
209937412
209937933
209947312
209954098
209957718
209960275
209962377
209966882
209990684
209993521
209999705
210017870
210021788
210035306
210038593
210046266
210048787
210052780
210069081
210080530
210085539
210086083
210093368
210093370
210098423
210098857
210103150
210111796
210121484
210131601
210138130
210143798
210149081
210178562
210189777
210189779
210202289
210205329
210208529
210212124
210216525
210221135
210221442
210224982
210245506
210249010
210265093
210273221
210290169
210293370
210305767
210321966
210326446
210329195
210342261
210358570
210359325
210369626
210370745
210371955
210371963
210375998
210389270
210389950
210393482
210397107
210397793
210402467
210403833
210405170
210406603
210407128
210412557
210421709
210431910
210448501
210454318
210468371
210469337
210469450
210472746
210473113
210478414
210479084
210492668
210500642
210506988
210508487
210516634
210540293
210544897
210554690
210555027
210577249
210579245
210580849
210603981
210632000
210633976
210652872
210658792
210666335
210675042
210679394
210681463
210691779
210693184
210708976
210745823
210755004
210764206
210769785
210774110
210777306
210783027
210788995
210792637
210794877
210795866
210805848
210808497
210812725
210829824
210830540
210837482
210839116
210843678
210844712
210868370
210879424
210879773
210879777
210902719
210916795
210919130
210919508
210922089
210922443
210927272
210937057
210939209
210945518
210966535
210966569
210972850
210979622
210992884
211002313
211002790
211007508
211012430
211028922
211030219
211046180
211053442
211060534
211080604
211089047
211090984
211093061
211094684
211095994
211107269
211110148
211114340
211121283
211121963
211130634
211135200
211137410
211140609
211141701
211143869
211160774
211204743
211209598
211212545
211220290
211224451
211226651
211229659
211230390
211231819
211233236
211233627
211243027
211256147
211262988
211271881
211288706
211288708
211288709
211312352
211314322
211322539
211331279
211333457
211334464
211342069
211354733
211360360
211361306
211363202
211367586
211370823
211377826
211386107
211388930
211391118
211393437
211401448
211410383
211432208
211434821
211474730
211476574
211480099
211485066
211485364
211491496
211493066
211494174
211501753
211502099
211508709
211511954
211513065
211520560
211530107
211531457
211535176
211549436
211554353
211556251
211557889
211564506
211567698
211586124
211589578
211600631
211603873
211620106
211620703
211621505
211625511
211644600
211654800
211658107
211668816
211671938
211678991
211679385
211683974
211697606
211700121
211728173
211739875
211740950
211741090
211760691
211762300
211763910
211766046
211776530
211793486
211797172
211828894
211829166
211840396
211844629
211848079
211849685
211867480
211887551
211896211
211896442
211902381
211902392
211913641
211917095
211917508
211925925
211927330
211930823
211932923
211944269
211956028
211957807
211969658
211975940
212001341
212002457
212003469
212013124
212016778
212021838
212025176
212026676
212040502
212042466
212043713
212049581
212052799
212053090
212079491
212086489
212107323
212113794
212114462
212116197
212120952
212125461
212127641
212131315
212134650
212136187
212138463
212141104
212151375
212165091
212179641
212180728
212185672
212191688
212198425
212200550
212205130
212206710
212212635
212214906
212220143
212221077
212221088
212224815
212231355
212244188
212246081
212246092
212246886
212246910
212269442
212276112
212290426
212306020
212306742
212309268
212317105
212339918
212341787
212357322
212358184
212358567
212373308
212374281
212390603
212397022
212397230
212411567
212414100
212419760
212424744
212428354
212429548
212429558
212439055
212441326
212442273
212445613
212455602
212471648
212471774
212471907
212476495
212478241
212478275
212478303
212478588
212489503
212489737
212497365
212518017
212518024
212520185
212524122
212525041
212532547
212537473
212539452
212548875
212558393
212576907
212580975
212581409
212585778
212591403
212612721
212622665
212634497
212642501
212649136
212662565
212689819
212696988
212698461
212714674
212714878
212731389
212734230
212746376
212747984
212758402
212760312
212762695
212769292
212775955
212793870
212802397
212803144
212809474
212818870
212821086
212824450
212832252
212834431
212835002
212837181
212838784
212854970
212856998
212866496
212871231
212876292
212881869
212881926
212885625
212920015
212927517
212952253
212957361
212968590
212969465
212969992
213005174
213011412
213013380
213016791
213027273
213034210
213035116
213035119
213037026
213038807
213043856
213043906
213052922
213059304
213062511
213064169
213073800
213080316
213084458
213093787
213109383
213113817
213116645
213128451
213131978
213133421
213133444
213150343
213155903
213165568
213171964
213176592
213178175
213180453
213199128
213208314
213234007
213234209
213241058
213244902
213247617
213253754
213257068
213258663
213265431
213269225
213270343
213274750
213327074
213327113
213330234
213337742
213341718
213348835
213358427
213373206
213373407
213383594
213383730
213389372
213394986
213399769
213416539
213428677
213454682
213454684
213467399
213481516
213489581
213490923
213492236
213493386
213493388
213493389
213494504
213498936
213498970
213503434
213507739
213508006
213511469
213532837
213557797
213561360
213576763
213581928
213586829
213588360
213601994
213609737
213620843
213645571
213650304
213650305
213651045
213688331
213697344
213697513
213702491
213702503
213716634
213731901
213747460
213751323
213758423
213793700
213794780
213796973
213796981
213797923
213803255
213805313
213811703
213828432
213835431
213837364
213842129
213844984
213849861
213849890
213855571
213855758
213863972
213871395
213874014
213876631
213877124
213885434
213889326
213894121
213896194
213901421
213902160
213903745
213904661
213910333
213910412
213910635
213910795
213924024
213933495
213938410
213939523
213960444
213962551
213972439
213973457
213974524
213981992
214001851
214003350
214011033
214027652
214035693
214035819
214036630
214052647
214057509
214057510
214075369
214087320
214092733
214098495
214101110
214116665
214122051
214122602
214123195
214128457
214130121
214134637
214136456
214146407
214153035
214155599
214166191
214179231
214191393
214198981
214199063
214208329
214229746
214248646
214257825
214263592
214264735
214266295
214267766
214279839
214280156
214281682
214285164
214304053
214305846
214335606
214388435
214395607
214402948
214422346
214423361
214425351
214430233
214430554
214441212
214449979
214461923
214479439
214494317
214501073
214504162
214517978
214524546
214527613
214528589
214530618
214531628
214540526
214544157
214546705
214553093
214554560
214557410
214557475
214557842
214568168
214568809
214569753
214575427
214577307
214581938
214597688
214603356
214606996
214610321
214613429
214618722
214626889
214630237
214644444
214653798
214671851
214695155
214701257
214716564
214716655
214723959
214732279
214733934
214746472
214758361
214790763
214792988
214799218
214801438
214802975
214814098
214817786
214824823
214839476
214839503
214839588
214839619
214852010
214859071
214867042
214884286
214887082
214894776
214895171
214912390
214936133
214939501
214941735
214942364
214945295
214946781
214957789
214962262
214972931
214986427
214996901
214998886
215001993
215021668
215025359
215031787
215032918
215047522
215048277
215053384
215070593
215070868
215075578
215088452
215103609
215104916
215105459
215106368
215114114
215124467
215127192
215128142
215131428
215163543
215165344
215168183
215169538
215169550
215169551
215169559
215174585
215175813
215177526
215179490
215182128
215194012
215195679
215199453
215206070
215219428
215220012
215221765
215223006
215223401
215230157
215230236
215231614
215231661
215231779
215236985
215238191
215241642
215247007
215248790
215262354
215266340
215275739
215278020
215285998
215295501
215306918
215311297
215312796
215320955
215325177
215325575
215325610
215328338
215344517
215345049
215345151
215345483
215354137
215368813
215389524
215418964
215427543
215430545
215433674
215437179
215450027
215458052
215458519
215460431
215469421
215471960
215472102
215481639
215487133
215490508
215505294
215506399
215518268
215518623
215521057
215531044
215533226
215539284
215548319
215549089
215552585
215555692
215560130
215560358
215575951
215576556
215581094
215586824
215590975
215597921
215600557
215605450
215606630
215607448
215609354
215610132
215624486
215636722
215638005
215643480
215644771
215646278
215649444
215650137
215659190
215659873
215662604
215665135
215667063
215667809
215669316
215669504
215672937
215676358
215686066
215686104
215691517
215701033
215707859
215709201
215709382
215721617
215743715
215752052
215753134
215753932
215756485
215756788
215760499
215760978
215768012
215770412
215771342
215777555
215778777
215785955
215791485
215792458
215800671
215808867
215809185
215810273
215814772
215824960
215838824
215843578
215845232
215846727
215846732
215857542
215862467
215863029
215869791
215895617
215904100
215947889
215979420
215980935
215982150
215983520
215984218
215985986
215990190
215995263
215995913
215996227
216001083
216002238
216002518
216002523
216010432
216014463
216015640
216016681
216036810
216039332
216044748
216046144
216052076
216053520
216054705
216054952
216055010
216068663
216073188
216073435
216082119
216084364
216085471
216093639
216093756
216097131
216107210
216109488
216111651
216142459
216153096
216157926
216158951
216160616
216167443
216174886
216175325
216175699
216180275
216183774
216187348
216194915
216205998
216210469
216215640
216219031
216227358
216228280
216236906
216240192
216243228
216246386
216248295
216255096
216255250
216256115
216256944
216264533
216272841
216275708
216290726
216292933
216298924
216299127
216306845
216313907
216339209
216339702
216341204
216341521
216341951
216342213
216345475
216348914
216355801
216355859
216357135
216358652
216362120
216370319
216384780
216385162
216392306
216393211
216395350
216395384
216401391
216402581
216403819
216405649
216409286
216415009
216415798
216422863
216426385
216432070
216432635
216433308
216444008
216486295
216488242
216490726
216494068
216497125
216510738
216513300
216517244
216520429
216526367
216533163
216540049
216541338
216546145
216546457
216551665
216563146
216566443
216566445
216569769
216570886
216572821
216578730
216581788
216582148
216591050
216592149
216592949
216598294
216604490
216608011
216625622
216630386
216631469
216637399
216649923
216651419
216652561
216658775
216663570
216667945
216682774
216685628
216687670
216689095
216693532
216695377
216696087
216699759
216702704
216706326
216718735
216721495
216723746
216725376
216725978
216728417
216731749
216735062
216735661
216736088
216736519
216747790
216752116
216765100
216770925
216771889
216785383
216786791
216787260
216802493
216810844
216815994
216822947
216824686
216852191
216852343
216852986
216864058
216864954
216868511
216870652
216877889
216879125
216882309
216896962
216899044
216899523
216905462
216916939
216920061
216921810
216924606
216926907
216929228
216934154
216934543
216946045
216953502
216954888
216967575
216970717
216970988
216978712
216979958
216980181
216980971
216983386
216997379
217002115
217006541
217008411
217009639
217011731
217013040
217016745
217023989
217024939
217024959
217036856
217045623
217048414
217057699
217057726
217062886
217064272
217064649
217067543
217070424
217072025
217074108
217076158
217076832
217077296
217077617
217084943
217098058
217101043
217102823
217104500
217105147
217107516
217116972
217127831
217130455
217142240
217163463
217169595
217178006
217180395
217188276
217201567
217205451
217210872
217212516
217216196
217245151
217250656
217253766
217253805
217257608
217258362
217258387
217262870
217266211
217270661
217278466
217279449
217285830
217313266
217314308
217314909
217320644
217324472
217324483
217328185
217332905
217334246
217356184
217358813
217362310
217363214
217366329
217368035
217368488
217368489
217386573
217387019
217388419
217389056
217394689
217399161
217403822
217404472
217404638
217414661
217415155
217420740
217425916
217426942
217439954
217441780
217443042
217445076
217449443
217458396
217458604
217459792
217465289
217470112
217477571
217477816
217477824
217477836
217477837
217477853
217487566
217488823
217488824
217488825
217488895
217488976
217488980
217488989
217492727
217492728
217492729
217497106
217497107
217500584
217501056
217501629
217501655
217502772
217505934
217507617
217507737
217510803
217514866
217516693
217518690
217518712
217518713
217518714
217521919
217529182
217531391
217531574
217533393
217533399
217535730
217536986
217538832
217538834
217540832
217542391
217545697
217546180
217547991
217550244
217550260
217554322
217554568
217557958
217559409
217564616
217570497
217571870
217576468
217576892
217577271
217587286
217590537
217597074
217602790
217604062
217616695
217617917
217620242
217622122
217627906
217634882
217636330
217639799
217644486
217645702
217646888
217656146
217658997
217660638
217661000
217664957
217678301
217678949
217686072
217689012
217701025
217703950
217713989
217718286
217718852
217722221
217723198
217723842
217723846
217723889
217727126
217727541
217729996
217731546
217731605
217734986
217736167
217736191
217736342
217738842
217738844
217738847
217738849
217738850
217738862
217738871
217738872
217738873
217738874
217738875
217738876
217738879
217738880
217742767
217744932
217748197
217750484
217753392
217757526
217758278
217758972
217758989
217762763
217762764
217762792
217767700
217772738
217773355
217773367
217773396
217775696
217778385
217779663
217783225
217784697
217784785
217788840
217790211
217791020
217795201
217796505
217797573
217801477
217801478
217801479
217801514
217801515
217807337
217808874
217811972
217815481
217817674
217817967
217825852
217832052
217839246
217847153
217860854
217861948
217865529
217867506
217868335
217873046
217873998
217875461
217876810
217878351
217882748
217889092
217896262
217897112
217901520
217909069
217909073
217909774
217912854
217912878
217912922
217912925
217913076
217913178
217913179
217913180
217913182
217913201
217913236
217913237
217913238
217913295
217915758
217916651
217918068
217918811
217918868
217919047
217919488
217920577
217921896
217924928
217931809
217933560
217935591
217939213
217943200
217944665
217944681
217944719
217951033
217951034
217951061
217954550
217955293
217956699
217956718
217956720
217961362
217963277
217964917
217965904
217966409
217969741
217969806
217969808
217978819
217983484
217985715
217990058
218001470
218002061
218007984
218009010
218010536
218021251
218027797
218027800
218027801
218038764
218039880
218042786
218044205
218047032
218049327
218054114
218055595
218056586
218058370
218058564
218061699
218070831
218078658
218086716
218089593
218090248
218091648
218092671
218094108
218096106
218103993
218106305
218108883
218108884
218109270
218109336
218115706
218120168
218120267
218125843
218128130
218129577
218139538
218140959
218142558
218197856
218203635
218204461
218209030
218209965
218214272
218219298
218223493
218223497
218223506
218223527
218223558
218224531
218228358
218228379
218228385
218229670
218229745
218233711
218236825
218254269
218259610
218262991
218264436
218264645
218265147
218270904
218272518
218272663
218273007
218275495
218275558
218277306
218277780
218277999
218280836
218283008
218284462
218284660
218288684
218290341
218291248
218295141
218296596
218301068
218301943
218302044
218305834
218307002
218308279
218317204
218321372
218321931
218324939
218326473
218333363
218333501
218342422
218345431
218346037
218352653
218352671
218356025
218361862
218364183
218367199
218388644
218392429
218396049
218396337
218406890
218414541
218414542
218418515
218418531
218421090
218423492
218425994
218428719
218428861
218432732
218434659
218434981
218439316
218439322
218439919
218441600
218442617
218447430
218448007
218448020
218449151
218453146
218455740
218456477
218459562
218459563
218460424
218462563
218464255
218466105
218466439
218470279
218470280
218470286
218470296
218470300
218470312
218475089
218475815
218478217
218478227
218481292
218482114
218483029
218483030
218488525
218488526
218493843
218497137
218498973
218507318
218507340
218513195
218515975
218517909
218531076
218532485
218533748
218534295
218539711
218542321
218543107
218543136
218545434
218545436
218545437
218545441
218548193
218548200
218560615
218567732
218567918
218570949
218577965
218577971
218577972
218578820
218582811
218584661
218587997
218588576
218588577
218588581
218588585
218588609
218588610
218599345
218599683
218600839
218600847
218604015
218606817
218609170
218609184
218609185
218609186
218609188
218614054
218617068
218618062
218623863
218624965
218626057
218639652
218639819
218643020
218643042
218644849
218650054
218654013
218656309
218667253
218668991
218672002
218676917
218678169
218681362
218692916
218693246
218697681
218700713
218701439
218705049
218707581
218708577
218720257
218737778
218740871
218742633
218743218
218744524
218752264
218752753
218754291
218755920
218760778
218765594
218765595
218765597
218765604
218765605
218765607
218769356
218769357
218769369
218769793
218775374
218776750
218776754
218776825
218779346
218788352
218789130
218792506
218792572
218792802
218792840
218792876
218792995
218793017
218793976
218795102
218796390
218797115
218802714
218804058
218818158
218822569
218822604
218822624
218827977
218828041
218828058
218836361
218845573
218850060
218850725
218856275
218856493
218856779
218861025
218866541
218869728
218889724
218899110
218903903
218938937
218942054
218945896
218950905
218956610
218957956
218960381
218986200
218989874
218989901
218989909
218998866
218998869
218998870
219002289
219020062
219023046
219023155
219027208
219035840
219036279
219042066
219046833
219046839
219046853
219046925
219046985
219049132
219051710
219051712
219051733
219051734
219056327
219056438
219059047
219065068
219072199
219075635
219083885
219083941
219084369
219087356
219091200
219092669
219092693
219109877
219113821
219115985
219116153
219117218
219117407
219117759
219126509
219128930
219134048
219134838
219137067
219139345
219141915
219142928
219144349
219147418
219149385
219149463
219151176
219157533
219157583
219157585
219161276
219164416
219168835
219169817
219171484
219180020
219183461
219186467
219187309
219192694
219203378
219204824
219204825
219209679
219213570
219217214
219217240
219218362
219220394
219222126
219222223
219222537
219231091
219237110
219238706
219240963
219247014
219271040
219275939
219277132
219277136
219288748
219288757
219288823
219289767
219291868
219297993
219298229
219298377
219304801
219312297
219313616
219318641
219325564
219325917
219326585
219327776
219328928
219329657
219335824
219336273
219344945
219345374
219345376
219348833
219349885
219351189
219353553
219355168
219356522
219358264
219358711
219359514
219368226
219369241
219372816
219374510
219375104
219378514
219380216
219383181
219384280
219386993
219386994
219386996
219387008
219387346
219394048
219394638
219394758
219395822
219399442
219402019
219402734
219402984
219404049
219404050
219404071
219404072
219404077
219404102
219405364
219406935
219409197
219409984
219411251
219416129
219416136
219416181
219420810
219423093
219423569
219430423
219430520
219436461
219442966
219443384
219446759
219455504
219456551
219461941
219462148
219462690
219467690
219468830
219474804
219486275
219487383
219493807
219500121
219500811
219502933
219505066
219505084
219505700
219506953
219507482
219509147
219511407
219514084
219514741
219517566
219519178
219521222
219521287
219523718
219523727
219527724
219534337
219538748
219539653
219542952
219543490
219544031
219548499
219550350
219551095
219552558
219553334
219559212
219563732
219565394
219567570
219567929
219569009
219569014
219569019
219569124
219575400
219575498
219580280
219580289
219580290
219581075
219586011
219586037
219586727
219594233
219596303
219598403
219606145
219619975
219622929
219627279
219632472
219632963
219633025
219635843
219636127
219651895
219653411
219657379
219657613
219661220
219662953
219666502
219667889
219673905
219676028
219676141
219676143
219678042
219679301
219680706
219683408
219685951
219685953
219685961
219686096
219686615
219689719
219690512
219690516
219692210
219694651
219694992
219694993
219696122
219697778
219699443
219705466
219707767
219710292
219721008
219721409
219731128
219733578
219735076
219737002
219748387
219755343
219755376
219765994
219768381
219770968
219781027
219781028
219781029
219781926
219809314
219809318
219809321
219820969
219834005
219838450
219843903
219844356
219846127
219851586
219852487
219856467
219856472
219856671
219875351
219875632
219880305
219882908
219882935
219882965
219887229
219890554
219891633
219891643
219891670
219892788
219893320
219894129
219895630
219896031
219897021
219897425
219898162
219901123
219902620
219907031
219911584
219914353
219915231
219918002
219918013
219921023
219925938
219927112
219928972
219942951
219944944
219948168
219948327
219949352
219955527
219955765
219960329
219962605
219964872
219965447
219967731
219971678
219979426
219980097
219984440
219987705
219988660
219992045
219993410
219996406
220001102
220001387
220001388
220001426
220001427
220004977
220005884
220005885
220005929
220005931
220005936
220005941
220007617
220010081
220010928
220016890
220020511
220020513
220020551
220022985
220023222
220025409
220025422
220031666
220032813
220032820
220040077
220044075
220047216
220064391
220064396
220064403
220064718
220066089
220069110
220070265
220070266
220070267
220070297
220070298
220070314
220073470
220076594
220077456
220083306
220084880
220093843
220094217
220095253
220105779
220107214
220115051
220117006
220126258
220128946
220132611
220136713
220142728
220145522
220146955
220152883
220155145
220155215
220156630
220160780
220162061
220165403
220169095
220171082
220172082
220172282
220172290
220174435
220174439
220174952
220177956
220178843
220178846
220179146
220181074
220182487
220182488
220182489
220182926
220183568
220184203
220185740
220185783
220186297
220189220
220193352
220196905
220196928
220196950
220197334
220203842
220206139
220207268
220207285
220210057
220210966
220213253
220216138
220218777
220218789
220222880
220224164
220228389
220234937
220234973
220237561
220238450
220239569
220242820
220242823
220242825
220242826
220242828
220242845
220246361
220254772
220258786
220266687
220266813
220267792
220286236
220289262
220291867
220299249
220301281
220303397
220304462
220306173
220307816
220308005
220309423
220309652
220311976
220318076
220318861
220320895
220321022
220322814
220323278
220323475
220327284
220327907
220328119
220328723
220332262
220332270
220334769
220336454
220336625
220342370
220344713
220346786
220348185
220348186
220349976
220351984
220353217
220355500
220358927
220362406
220362408
220367561
220372563
220376408
220376515
220378162
220378291
220378320
220378587
220380661
220384335
220387023
220388982
220389740
220390318
220391661
220396315
220396316
220396367
220396439
220396793
220397991
220402915
220403178
220414342
220415968
220420701
220422875
220430671
220430672
220439307
220441785
220442659
220451965
220452322
220453057
220453396
220463891
220467784
220470813
220472642
220476210
220477027
220477028
220477035
220477437
220481621
220481679
220486931
220486932
220486934
220491521
220495857
220498224
220499106
220500298
220502942
220503951
220504639
220514568
220517124
220519741
220520265
220527922
220527924
220532476
220538082
220538091
220543619
220543620
220546708
220550408
220552837
220560496
220561091
220568446
220571874
220574715
220582942
220584044
220588087
220588815
220590067
220590518
220597630
220598089
220600616
220607056
220617801
220618194
220621159
220621445
220621502
220621874
220623195
220623997
220630473
220636488
220636502
220636508
220636513
220638814
220640186
220640188
220640374
220640578
220640579
220640580
220650892
220650908
220650909
220650910
220655165
220658785
220662045
220662497
220670090
220674366
220687083
220687800
220687883
220688532
220689101
220692254
220693195
220695523
220700359
220708599
220708643
220710342
220711598
220712529
220713534
220714257
220716746
220719735
220720319
220725014
220728730
220734878
220735395
220753303
220756661
220757975
220758099
220758679
220758697
220760538
220765422
220766803
220769999
220774293
220778098
220781110
220784534
220786609
220787865
220787923
220792139
220800586
220800624
220800651
220804902
220807056
220808706
220811721
220813737
220813985
220814106
220814904
220819300
220833791
220834749
220835708
220836569
220839141
220839498
220844146
220844152
220844347
220844348
220844349
220846592
220846912
220847864
220848359
220848435
220849158
220849159
220849181
220850910
220852364
220855903
220856706
220859668
220859720
220861271
220862584
220862811
220863361
220864130
220864292
220864578
220865564
220867735
220867738
220867739
220870604
220873982
220878666
220879735
220885148
220886841
220894744
220896110
220900615
220918042
220925184
220925582
220926230
220935325
220935380
220940827
220941975
220942897
220944468
220948140
220950432
220950891
220954098
220954422
220955991
220958380
220959982
220960401
220964731
220969196
220969512
220969519
220974330
220983057
220988311
220988358
220992432
220995008
220995097
220995545
221001502
221004683
221006679
221011521
221015341
221016962
221018908
221026458
221028075
221033782
221038566
221043230
221043993
221049485
221052676
221053261
221058186
221061551
221066078
221068135
221072877
221075093
221077871
221082307
221082413
221083080
221101495
221112854
221113660
221121660
221135151
221138723
221143260
221149659
221150160
221150881
221152321
221153369
221160207
221166824
221169179
221171103
221171111
221191589
221191598
221191700
221191775
221192058
221194606
221194784
221221038
221221237
221228275
221231085
221233147
221237979
221241890
221242214
221247114
221247220
221248930
221252858
221254459
221257848
221257854
221258481
221258925
221263549
221266390
221267268
221267868
221276183
221279463
221283557
221285033
221286159
221287510
221298481
221298765
221301772
221303706
221309508
221312604
221318270
221320557
221323492
221323493
221324787
221327849
221333019
221333858
221334325
221334919
221336558
221339318
221350135
221354119
221355194
221355203
221358249
221359888
221360011
221365543
221365779
221366229
221366341
221367034
221367296
221368876
221371136
221373077
221380055
221382857
221387967
221391835
221391836
221391837
221393672
221394980
221396029
221396030
221398422
221398621
221401251
221403965
221406152
221406153
221406492
221408806
221409960
221410131
221410132
221412163
221414470
221415428
221422696
221423993
221423995
221427960
221428921
221429028
221429322
221431254
221431256
221436003
221436381
221441700
221448928
221449174
221450433
221453267
221453268
221455767
221456491
221459015
221459530
221460837
221468168
221470350
221474737
221478193
221483192
221484220
221485541
221488505
221490352
221490454
221494059
221505203
221505657
221507563
221522662
221532656
221533049
221535131
221535471
221537131
221543274
221549223
221563692
221566982
221568994
221569632
221570859
221571170
221581298
221581299
221581309
221581310
221587359
221594817
221596054
221600860
221600861
221600862
221608057
221610628
221611794
221616278
221616326
221620934
221620946
221622123
221628732
221630165
221633754
221633764
221633765
221633768
221637342
221639567
221639568
221639590
221639613
221640317
221640338
221640697
221644468
221644511
221644847
221649886
221651490
221657837
221659630
221659662
221661554
221666175
221666176
221666177
221666178
221666465
221669951
221678391
221679162
221686810
221687203
221687641
221703591
221708935
221716550
221717638
221723539
221730249
221731331
221736474
221738261
221746325
221751249
221755101
221760414
221763829
221768563
221771596
221774353
221778205
221778820
221783795
221788549
221789595
221791256
221793184
221793861
221793971
221796007
221796969
221799307
221799395
221802398
221803090
221812011
221812533
221814417
221818470
221818471
221821243
221823584
221823886
221823887
221828355
221828878
221829161
221829188
221829200
221833934
221833937
221833938
221833939
221837070
221837177
221837421
221838738
221839299
221840340
221843066
221844683
221845810
221845811
221845812
221854384
221855092
221857494
221858409
221860241
221860853
221862405
221862493
221863411
221863698
221864612
221865190
221871826
221873444
221894307
221897069
221898345
221899448
221900640
221900695
221901747
221906716
221912399
221919188
221919190
221919215
221919216
221919217
221919218
221919219
221920393
221922496
221922497
221922554
221927133
221927792
221930558
221932894
221937303
221937304
221938844
221940533
221942443
221945084
221947389
221949810
221953802
221956186
221967836
221985951
221986552
221999082
222001407
222002224
222004692
222005210
222008433
222009740
222013958
222013960
222014899
222020311
222020755
222024290
222026860
222035109
222042576
222042676
222049005
222051419
222052562
222055290
222060960
222061151
222062881
222065359
222065387
222065605
222065826
222065905
222066077
222070423
222071726
222087042
222091098
222093585
222093912
222096142
222096473
222099383
222100117
222102323
222102339
222104791
222106810
222107739
222107856
222108023
222114813
222117846
222120882
222121484
222124274
222126038
222129346
222135917
222136050
222151838
222153896
222153897
222154693
222155166
222155168
222156894
222160594
222162647
222163253
222163434
222165921
222167314
222168542
222173562
222176609
222177431
222178121
222178766
222179450
222180614
222189588
222191337
222191632
222197539
222205887
222206572
222208511
222220717
222221991
222232083
222232513
222235246
222239504
222246505
222249342
222252902
222261309
222268410
222268723
222269271
222273414
222278474
222294189
222299374
222304130
222309907
222310191
222310356
222310514
222310608
222312569
222313213
222314938
222315534
222323103
222325532
222326675
222328464
222328466
222334180
222334815
222334848
222334849
222336672
222337870
222342046
222342179
222342472
222343028
222343586
222347969
222365299
222374812
222376886
222376938
222382489
222387237
222387789
222389146
222401807
222402892
222404267
222407234
222411948
222425120
222428272
222431624
222432008
222432895
222432953
222432981
222437697
222438135
222441174
222448936
222452757
222453168
222455065
222455869
222458828
222467297
222472367
222480659
222481452
222484860
222485310
222487096
222490452
222492332
222492617
222492793
222493069
222494339
222494513
222494563
222496350
222496361
222498837
222510584
222512593
222514796
222516476
222516554
222521925
222523459
222527972
222529325
222547696
222553208
222555529
222560512
222564619
222575357
222587062
222594109
222594110
222594113
222594421
222594587
222614900
222622991
222626599
222626988
222636645
222638004
222638011
222638151
222639604
222639754
222645356
222649863
222655270
222659763
222664314
222669001
222671780
222673947
222676487
222676495
222680636
222680637
222680638
222686235
222689385
222690012
222696875
222698562
222699796
222708784
222710967
222715629
222722003
222722004
222728320
222730065
222730796
222732407
222732553
222735592
222736161
222737635
222737678
222737701
222738352
222739639
222744737
222754115
222754166
222755236
222756337
222757142
222758024
222759499
222762213
222768970
222769209
222770569
222771063
222774360
222774708
222808657
222809029
222814951
222822693
222830447
222835587
222835988
222836831
222838927
222840432
222842634
222844092
222846789
222858546
222859204
222859215
222865498
222872164
222877108
222881315
222881883
222885815
222887136
222887235
222890128
222892741
222900252
222902364
222902873
222907466
222909178
222910729
222912257
222912652
222914002
222914082
222914163
222914605
222914840
222915830
222922520
222923219
222923372
222924794
222924874
222930799
222933627
222934699
222935297
222939075
222940489
222943449
222945240
222948673
222950365
222953309
222953541
222953542
222953562
222954618
222958325
222958604
222958607
222963736
222974715
222986525
222986682
222988592
222994451
223004657
223005308
223015146
223020575
223023254
223023517
223025992
223026259
223026368
223026552
223039539
223051212
223051320
223061619
223063146
223064032
223065703
223082192
223082225
223083327
223088119
223090837
223093648
223094861
223097442
223098028
223099419
223104520
223121153
223121155
223124168
223125212
223134737
223135605
223135616
223136837
223142200
223168943
223175860
223175880
223178614
223182388
223185730
223192331
223194532
223194570
223196243
223198352
223203938
223221280
223223044
223227769
223232589
223239634
223244364
223245513
223245516
223247165
223247201
223256107
223267632
223269316
223278314
223281251
223296663
223301866
223305303
223309523
223311483
223312345
223313595
223314172
223314313
223315478
223335595
223339749
223340942
223348377
223351290
223352239
223353086
223354090
223356301
223359848
223361395
223363995
223369241
223372993
223382606
223383458
223391808
223393561
223396785
223398896
223401718
223410510
223410862
223420084
223422679
223423449
223432823
223432853
223437311
223439812
223440095
223445007
223447402
223462652
223465153
223476038
223485421
223485854
223485855
223496077
223507707
223519940
223521435
223521524
223522010
223523924
223532290
223545143
223554468
223557637
223558404
223561984
223563803
223570633
223577710
223589928
223594144
223599465
223602256
223605143
223605882
223611267
223611925
223613390
223614408
223623348
223623351
223623354
223624028
223625007
223625746
223628249
223631762
223634425
223634437
223636945
223644776
223648415
223651030
223656610
223657463
223658206
223659165
223661277
223672492
223673234
223678378
223684840
223684983
223685499
223686961
223693490
223694264
223700740
223704741
223714768
223719026
223721584
223722673
223733638
223743842
223752514
223754331
223761492
223762009
223762298
223762816
223762826
223765553
223767317
223776160
223778157
223782473
223782497
223783209
223787874
223794101
223795322
223797799
223802254
223802367
223802986
223805468
223810328
223814889
223820219
223827805
223834225
223841901
223852244
223868024
223868269
223868273
223873735
223880664
223888638
223892008
223899412
223902480
223904525
223914431
223915736
223919732
223926667
223930041
223934432
223935774
223936049
223941619