208024305
208731007
205305756
205884369
208508823
208752261
208745659
208719644
204720762
206190902
208721576
206839649
205419625
207885996
205698248
204130652
208762510
205543193
206800750
208662076
205884226
207084503
208722025
208755311
205858779
206197295
206608703
205368358
206843009
208761299
205621550
204167069
208588576
204152515
208752287
206987725
208125966
208717398
203853228
206042181
204542431
208762256
208756563
207052967
208753253
208751986
206687490
208754782
208759623
206007215
206970159
205943076
205300452
208573566
205471035
206276295
204209004
208709449
208709419
208485791
205787197
204244578
208706413
205652414
208706478
205391134
208755464
205353634
206959989
205296565
208694269
206259538
208693234
208692588
208700282
208700092
205008222
208689440
208704151
208700209
208688926
208709424
208460877
208683171
208740824
208680116
208686300
206594856
208679757
208666236
208679975
208700694
208688836
208679234
208669439
208671099
208671111
208659778
207085675
208693160
203877225
207622424
208652353
208682881
208649625
208652086
208700019
208647550
208647426
208646076
208650480
208578162
208694541
208652797
208646074
206234700
208641520
208699385
208646075
208646070
208641742
208647178
208737471
208638942
208639916
208628322
208623947
208638110
208623940
208698746
208621256
208640085
205286351
208622347
208613903
206202243
208623959
208606863
208646071
208608253
208604807
208624038
208599262
208587303
208650053
208612131
208586378
205242325
208576070
208526515
208576019
208654565
208569545
208571640
208576904
208605359
208555362
208576574
208657540
208593153
208629956
208550738
208621267
208546857
208545533
208532340
208544877
208527933
208525106
208516536
208519188
208532163
208497823
208501399
208530083
208483920
208484090
208477205
208474100
208472714
208467683
208508120
208572460
208467775
208483896
208492500
208466555
208456872
208454682
208456777
208452296
208468291
208447902
208443471
208443754
208467201
208449727
208439599
208422879
208437709
208423093
208437671
208566902
208420832
208421188
208432557
208417700
208416771
208409959
208405526
208485181
208653128
208395882
208468239
208513675
208400344
208391460
208390398
208391631
208385818
208390194
208379767
208489816
208567150
208378133
208405912
208537270
208379308
208383865
208533457
208375864
208641122
208373632
208371425
208372391
208437400
208361156
208484834
208355705
208365739
208381435
208443024
208351550
208371400
208338579
208347061
208355842
208332160
208326199
208331464
208315457
208320101
208309166
208309100
208306379
208305025
208298169
208299333
208326208
208284219
208286131
208302157
208284629
208269995
208260667
208272226
208256104
208257451
208270932
208254675
208309667
208253929
208304829
208246790
208246961
208240442
208284188
208364198
208239018
208253480
208334100
208218341
208222511
208222780
208238437
208209465
208220641
208340360
208220384
208208984
208268871
208269927
208207948
208219555
208196668
208294365
208311951
208339664
208194846
208273431
208209450
208196319
208196662
208187451
208239307
208177590
208179735
208158410
208158068
208158762
208209472
208157319
208149885
208154890
208478516
208197009
208147929
208132256
208216777
208209577
208151529
208150406
208128190
208159900
208178800
208131134
208143157
208143370
208126593
208124080
208121942
208128223
208183081
208143580
208116362
208106566
208123956
208119211
208205194
208104076
208103090
208104113
208240002
208102744
208180359
208103804
208097749
208095211
208145440
208141545
208110256
208093063
208094943
208141476
208093149
208093076
208143576
208087363
208097693
208081459
208213810
208073972
208062336
208060412
208060416
208087876
208130949
208048292
208192934
208113664
208044997
208161964
208059416
208039923
208038780
208086315
208035391
208062360
208035151
208062129
208035121
208034788
208173930
208252433
208045809
208034680
208041766
208061114
208031499
208035531
208034309
208238488
208176443
208029195
208031334
208032186
208031536
208022719
208026101
208355901
208023160
208085253
208148486
208020484
208019813
208019815
208017518
208017139
208094805
208015612
208022669
208329207
208026103
208012267
208004208
207997724
208017405
208189110
207995325
207986680
207973560
207972583
208002460
207970001
208004202
207963431
207962766
207962275
207952451
207950536
207955067
207958281
208096294
207924767
207926122
207947928
207920188
207914348
207931921
207919603
207912932
207935947
207936923
207929432
207898602
207902570
207897617
207888040
207940461
207914342
207903022
207887234
207968095
208570102
207886906
207884307
207884308
207908726
207911630
207876697
207879184
207922650
207949338
207887298
207883928
207898635
207870971
207852763
207991069
207884309
207850606
207843093
207840294
207847910
207841005
207888053
207836916
207884303
207871837
207901507
207823296
207837276
207821892
207816291
207814232
207846480
207852470
207807695
207996949
207791173
208034755
207822837
207930614
207897823
207795137
207790477
207788303
207789845
207814290
207807231
207832853
207837058
207774218
207923745
207903101
207767478
207765107
207757539
207799584
207752467
207790494
207751838
207751083
207749503
207749704
207749460
207814056
207813259
207878583
207809310
207757560
207743919
207740706
208001929
207738076
207827309
207733857
207898063
207787517
207741761
207719375
207717905
207713890
207711760
207708248
207732971
207715399
207704391
207704143
207704411
207704240
207735068
207727208
207767483
207698044
207698495
207688182
207687765
207737944
207680244
207687083
207718082
207678685
207674208
207673757
207754183
207672376
207948456
207671004
207827308
207670881
207687198
207711115
207657407
207662416
207734009
207655933
207668626
207671119
207681562
207679685
207749175
208437133
207634835
207774150
207806972
207769860
207814003
207674550
207633611
207630980
207687322
207683507
207766214
207641707
207633043
207746922
207703909
207779884
207692947
207624073
207619920
207662410
207623407
207619683
207612121
207627480
207937887
207739287
207600208
207673166
207608538
207738324
207600074
207697750
207645599
207590404
207592533
207590313
207593347
207711662
207637208
207588853
207645584
208440822
207774769
207612499
207583599
207582872
207600166
207632041
207747555
207575540
207562763
207648641
207630586
207561251
207561877
207595015
207583096
207596738
207671082
207546804
207544214
207544193
207628076
207571509
207611967
207553071
207536459
207539301
207687089
207535270
207528148
207751882
207589515
207527561
207527543
207547836
207527401
207603093
207535115
207545340
207656264
207525736
207584968
207523162
207527737
207590279
207590367
207650129
207655283
207589550
207534104
207532140
207957518
207518966
207520253
207517619
207523397
207528989
207563969
207669722
207514442
207561129
207514252
207527548
207978907
207858439
207561075
207517060
207673490
207510177
207512756
207536794
207545752
207584809
207602038
207583405
207503256
207501862
207500940
207500104
207498255
207583508
207514269
207497011
207502614
207495118
207492012
207489315
207514898
208052199
207486602
207529956
207523892
207507108
207698989
207809862
207475074
207470500
207746626
207448229
207480414
207449544
207448222
207985612
207444674
207447972
207459241
207456077
207648121
207442086
207441843
207445250
207545613
207440890
207438655
207486948
207487952
207438194
207483288
207456521
207449555
207478210
207439445
207455074
207433777
207542027
207544273
207443953
207418555
207416678
207432037
207413620
207480389
207620143
207495194
207409649
207507178
207416396
207404769
207432171
207401077
207524279
207398254
207398482
207449715
207442057
207484832
207391891
207413599
207731958
208603733
207409686
207394357
207389462
207438334
207389450
207480496
207407989
208386808
207438330
207389226
207688882
207869071
207389612
207402966
207438331
207398696
207374874
207369783
207404775
207365532
207358571
207358570
207357653
207356251
207426303
207337468
207392605
207438328
207348920
207348923
207507502
207389621
207367671
207343059
207335333
207380206
207329254
207343833
207329681
207341570
207369720
207321363
207313266
207323226
207350221
207305700
207320951
207338325
207320591
207303904
207303902
207334094
207289406
207294637
207285703
207319513
207322476
207285563
207334861
207304524
207326379
207326072
207286241
207271359
207269347
207268230
207268603
207286567
207330181
207268354
207369477
207319159
207469701
207309708
207261230
207337567
207252241
207269281
207277851
207253659
207349777
207314062
207308990
207301581
207294979
207308061
207313031
207303900
207321604
207245056
207422852
207375195
207242774
207246067
207236691
207230690
207248621
207236403
207235867
207235838
207235814
207235448
207230926
207230688
207279619
207234632
207285407
207227475
207244822
207233961
207379171
207227039
207285055
207298923
207223222
207270511
207220930
207263590
207220403
207259349
207219556
207218320
207210253
207275247
207338587
207197786
207221076
207200986
207205474
207438333
207226281
207196460
207194541
207191594
207220091
207389427
207193548
207257206
207212822
207299702
207186686
207339503
207186620
207198994
207212830
207186160
207188851
207184568
207228446
207184716
207333528
207426819
207322550
207438315
207219651
207184136
207324104
207333976
207180722
207372888
207169983
207184554
207171581
207163811
207163804
207183252
207186317
207145782
207591497
207438316
207171597
207184726
207188906
207333288
207136347
207261228
207132354
207134207
207138439
207140610
207138493
207129608
207177950
207162732
207160545
207243917
207177837
207128632
207126679
207172924
207170608
207126484
207170040
207126443
207119547
207203469
207113221
207491648
207311201
207140007
207163179
207197202
207114899
207111638
207156518
207368979
207182661
207172929
207139938
207112132
207467886
207135703
207111228
207140187
207110497
207137765
207104956
207104910
207104911
207139226
207139443
207096949
207111524
207189584
207094240
207092290
207096889
207085236
207086232
207088511
207101802
207103018
207079471
207098498
207063614
207074467
207185200
207732590
207060374
207066712
207059189
207075253
207055901
207055897
207068845
207087703
207110145
207054041
207062558
207082669
207164506
207053669
207129906
207874453
207052482
207103374
207051936
207053668
207058282
207070325
207045926
207149051
207080686
207029199
207080196
207081235
207040819
207045028
207043191
207028826
207081155
207051709
207479854
207058608
207053670
207035854
207045952
207035292
207054076
207197011
207035365
207038380
207053671
207066939
207017936
207017110
207011077
207010356
207019427
207035440
207010268
206992928
206990845
207000158
207008892
207037672
206950920
207028481
206990876
207209303
207441475
206958565
207395663
207017011
206995901
206942431
206977756
206939938
206942134
206947630
206959205
206930215
206916650
206918574
206950402
206943502
206934849
206916642
207036035
206913424
206912986
206964408
206972550
206930679
206913673
206969898
206990825
207079121
207388953
206911195
206960805
206911152
206959663
206976766
206930364
206976066
207038170
206911143
206950825
206910917
207072817
206965701
206931195
206985337
206880381
206896052
206976119
206947667
206930637
206892325
207010315
206962334
207077990
206959496
206912586
206900430
206912975
206879739
206877896
206959370
206876635
206877333
206906177
206871921
206977107
206920862
206870944
206869111
207097906
206875321
206862792
206868422
206873701
206858344
206871764
206873799
206961842
206871033
206890332
206889861
206851474
206850487
207392258
206850305
206861089
206875594
206894756
206851657
206846938
206846927
206888344
206842569
206829241
206824924
206841430
206855670
206847827
206839212
206947735
206825885
206811788
206853442
206884419
206820056
206862235
206893558
206842581
206817400
206800159
208292992
206798816
206799224
206825641
206798056
206797930
206872306
206825902
206818105
206818989
206800577
206819251
206793790
206808270
206842523
206853764
206791161
206838041
206907688
206790287
206855274
206810246
206876606
206977113
206809260
206807633
206789947
206841963
206782638
206817673
206807617
206797474
206843408
206795437
206779112
206777878
206886610
206806715
206779208
206770826
206770557
206904156
206804553
207237581
206780539
206793652
206769039
206814601
206890487
206836859
206809419
206862418
206791401
206802453
206792989
206756590
206853438
206752205
206761995
206806695
206752133
206753374
207372441
206765901
206855078
206797928
206747008
206802463
206811019
206746070
206743045
206839330
206738856
206732060
206787266
206713376
206726015
206719750
206723400
206716682
206707722
206699607
206693970
206690492
206748503
206704376
206722036
207083844
206759987
206679204
206677206
206919719
206721655
206679188
206788300
207005572
206671511
206672264
206675116
207059703
206706846
206715597
206695672
206738713
206674817
206669004
206755055
206660114
206663129
206664428
206670851
206665171
206672836
206658263
206710750
206713932
206649581
206649082
206648299
207208934
206667130
206644781
206812993
206669013
206625851
206855142
206620063
206624234
206751325
206624465
206668284
206685560
206680626
206619841
206668326
206622110
206610947
206624817
206625257
206666568
206623475
206617730
206605523
206716381
206607143
206650676
206743383
206623614
206749811
206604592
206617173
206622105
206652280
206724488
206600220
206643886
206637681
206597482
206596779
206629533
206594153
206776180
206622098
206593770
206713933
206609390
206609052
206630300
206672178
206700399
206590549
206598611
206656651
206600030
206593665
206584429
206618349
207030313
206586268
206600184
206582707
206580349
206746240
206684430
206568942
206590555
206564751
206758297
206744818
206702933
206590558
206556644
206570534
206569082
206568952
206570542
206582542
206686729
206562045
206590548
206548420
206574005
207182766
206609641
206545008
206590553
206545002
206544646
206582543
206564645
206559562
206586910
206557545
206550134
206753357
206545697
206534464
206535205
206570655
206533843
206590551
206533899
206533802
206528101
206523979
206524198
206509831
206545609
206536876
206514260
206556342
206537874
206713101
206548355
206539075
206543473
206541931
206710571
206559347
206506591
206509245
206561847
206526408
206499970
206506104
206547966
206503971
206499845
206493387
206590550
206716425
206509137
206517776
206506480
206489235
206718738
206490763
206568045
206514602
206483450
206977576
206876814
206507173
206738179
206709827
206488039
206457680
206472865
206548213
206475084
206498101
206483413
207891165
206485554
206481620
206478994
206480292
206498464
206465967
206464404
206858692
206463028
206540396
206463400
206487066
206453009
206452835
206475603
206458562
206440762
206437583
206465126
207011036
206468933
206458908
206454376
206440102
206429360
206463101
206437255
206422886
206444221
206422084
206421797
206458481
206434103
206420793
206422044
206419179
206470876
206419294
206430107
206434313
206474953
206416416
206431977
206419418
206498277
206415573
206454074
206411933
206540175
206429577
206402194
206417825
206403393
206411621
206426290
206398577
206454182
206394020
206916166
206483602
206393578
206400566
206400893
206393477
206395696
206418891
206544282
206402843
206410661
206390951
206959890
206387866
206480392
206386093
206421149
206388680
206369583
206382551
206446016
206404041
206406086
206383916
206388401
206363228
206364420
206368039
206446810
206382187
206369604
206363361
206342914
206462466
206364249
206363884
206340407
206340428
206342766
206332079
206411313
206335551
206364697
206362235
206326541
206385372
206331463
206335969
206342330
206352073
206317232
206426311
206335516
206331218
206316340
206318786
206544267
206308695
206345648
208226158
206300912
206301149
206904055
206328689
206309294
206288563
206308085
206327152
206366162
206308202
206318187
206296104
206285177
206279078
206317072
206362208
206291424
206313625
206309217
206271521
206478187
206268744
206313122
206331360
206262312
206257692
206288470
206367983
206294045
206342943
206338111
206309580
206252274
206255158
206352812
206266406
206301999
206245273
206335445
206244555
206345651
206261040
206241880
206276292
206237606
206494589
206240781
206240289
206239972
206235461
206345649
206229933
206242501
206227866
206226879
206223532
208210892
206221753
206223487
206223180
206218098
206566579
206264527
206380687
206227784
206241714
206227880
206359827
206242659
206207936
206216389
206211668
206205718
206741669
206223663
206198286
206193410
206189211
206283202
206248191
206189251
206188208
206186502
206236114
206231075
206273270
206184641
206183489
206180466
206180154
206197949
206184544
206179239
206181338
206200471
206280738
206273268
206219837
206179229
206276094
206214450
206387482
206162584
206159830
206162367
206147357
206147319
206159731
206200165
206155614
206167166
206327863
206159275
206165376
206145137
206280805
206290947
206141177
206238443
206141415
206467469
206220860
206142308
206150844
206144056
206139818
206179415
206385245
206137805
206136538
206795476
206134114
206143285
206168735
206133738
206117429
206132456
206120360
206117288
206278387
206113823
206167493
206112022
206135948
206111373
206109789
206098471
206112884
206109481
206097185
206096324
206092400
206107977
207060807
206582664
206114853
206091542
206097174
206078995
206198985
206047508
206058017
206127796
206042591
206094086
206094142
206209958
206090552
206131912
206036898
206036315
206110910
206290355
206031281
206090888
206100100
206100330
206086269
206030115
206030137
206107535
206116515
206102354
206032251
206093466
206094130
206032575
206026279
206057645
206138019
206075996
206022941
206091591
206067221
206027294
206046101
206026271
206137093
206025067
206037845
206170524
206041685
206025247
206034411
206011262
206030007
206010916
206001783
206004559
206075680
206135645
207891166
206029085
205999001
206096033
205992086
206010595
205988738
205991878
205987929
205996894
206000279
205987090
205991309
205988035
205992809
206130593
205983996
205985270
206029765
206019234
206067833
206066845
205981385
206582660
205978677
205984268
205981312
206087061
205977043
205977603
205975580
205961151
205955855
205961338
205948475
205958939
205993462
205955352
205951634
205940604
206038682
205996834
205941655
205969616
205974886
205964224
206254574
206020319
205977449
205991881
205939077
205893389
205989814
205931177
205928610
205935173
205925258
205977480
205932150
206028840
205899827
205985244
205901688
205985333
205903714
205921857
205899483
205909535
206490519
205928339
205939732
206022795
206007936
205890944
205892204
205882220
206033844
205867457
205877114
205875298
205857089
205990798
205997538
205861846
205859695
205903977
205857717
205852362
205909531
205844355
205899790
205841787
206021192
205834593
205837425
205820961
205826093
205810115
205813273
205907768
205805058
205801710
205905923
205799179
205799726
205855352
205802937
205812274
205798561
205868896
205800888
205794692
205796954
205813478
206738125
206029365
205820315
205797500
205785722
205790769
205817622
205784871
205770514
205794444
205987383
205988053
205987352
205766627
206378063
205796807
205771433
205760247
205763833
205759548
205758532
205765125
205775980
205751934
205775987
205744810
205735179
205766707
205728635
205769847
205727290
205712023
205768437
205717521
205707712
205718219
205765659
205707184
205740526
205750016
205705880
205727300
205715992
205705612
205723016
205715975
205701384
205700751
205717875
205706031
205772053
205707649
205707139
205685758
205732177
205781902
205799045
205674759
205700861
205694830
205674646
205695003
205713243
205710042
205673482
205735260
205677853
205669288
205679582
205705502
205677360
205683678
205823168
205781993
205642271
205660116
205662034
205662185
205905234
205751712
205670263
205743814
205670719
205681911
205673600
205670629
205657175
205668952
205656041
206340044
205700426
205655490
205797487
205673691
205654817
205649948
205645213
205642397
205640482
205641592
205637815
205665150
205653204
205636304
205635165
206321488
205748284
205657197
205618229
205657895
205693294
205750266
205633190
205609558
205609387
205622748
205608884
205669824
205603011
205600941
205605474
205619102
205783693
205600947
205618357
205602224
205597480
205755795
205595646
205593715
205597714
205584981
205573237
205628157
205595244
205572467
205584697
205571262
205591440
205571090
205596793
205574965
205577166
205562016
205577988
205560342
205599760
205634471
205596725
205635993
205554965
205611584
205559889
205584210
205556738
207353825
205581785
205647173
205560265
205659115
205546625
205605041
205556272
205596047
205555782
205536919
205535846
205537802
206143056
205535663
205533871
205526975
205543466
205545770
205526031
205520600
205521652
205571360
205541421
205564585
205534715
205542353
205519850
205575753
205702328
205519761
205572282
205560673
205547503
205509169
205634515
205505122
205504513
205509117
205504344
205504132
205547263
205502940
205510121
205499985
205500393
205503431
205526014
205499927
205503758
205526743
205502396
205497151
205466381
205494331
205500414
205496386
205501305
205496996
205696324
205508988
205516106
205703770
205513470
205499983
205499919
205493725
205493262
205490359
205515963
205487327
205500199
205538467
205498033
205486423
205486987
205483229
205483064
205578996
205496148
205481228
205494334
205475283
205473285
205465776
205518325
205459154
205548277
205560574
205548208
205534877
205458450
205462060
205455228
205501996
205454215
205466385
205480057
205462339
205448954
205455757
205443280
205441830
205597751
205442306
205549167
205485224
205436597
206263374
205559410
205439855
205505852
205726524
205424095
205422493
205436596
205440692
205420664
205421207
205435935
205422444
205519527
205500591
205455635
205443145
205421596
205447828
205412433
205411931
205497861
205396546
205428123
205403764
205393648
205455188
205521665
205397774
205443219
205393118
205401954
205399500
205396022
205390257
205614321
205439921
205386772
205407401
205380426
205379511
205432963
205581965
205377261
205401777
205763972
205399785
205373518
205370309
205386869
205391204
205380439
205370190
205370187
205379429
205362998
205362488
205360980
205390641
205358816
205370191
205357271
205408222
205464307
205358177
205355783
205370185
205371864
205656066
205351520
205411467
205385513
205351329
205351198
205353257
206265694
205348779
205374385
205347823
205349053
205346072
205344476
205342820
205453785
205374792
205338516
205342239
205335420
205329789
205330783
205360336
205321852
205321787
205462045
205315086
205346306
205315077
205359103
205349125
205315075
205320269
205369746
205313398
205362880
205430737
205312134
205354338
205373709
205559291
205312133
205317327
205312129
205312347
205710620
205312127
205597750
205288760
205313778
205355156
205342413
205354482
205302971
205301208
205303182
205361667
205299830
205402313
205354068
205629793
205307604
205284723
205288738
205436738
205279456
205271734
205287187
205284672
205299206
205267602
205266887
205261203
205268579
205271909
205252259
205307539
205289583
205253541
205250206
205246385
205240904
205249950
205305826
205278252
205271719
205235814
205244759
205258165
205250427
205246384
205244758
205303558
205212686
205259949
205209506
205233179
205368700
205267911
205211752
205209412
205376800
205304507
205294387
205240040
205239289
205191390
205215950
205298595
205189607
205190174
205275797
205190451
205272328
205211133
205393218
205187301
205228166
205178112
205314137
205178587
205178100
205249686
205187958
205218036
206397338
205193522
205226144
205177779
205217514
205313765
205171654
205239436
205174454
205306429
205256525
205216768
205164802
205164779
205211900
205314132
205178850
205165588
205161859
205161536
205202497
205156752
205248535
205238194
205249580
205183774
205295555
205161458
205505494
205361738
205269741
205156084
205169450
205136526
205262985
205169534
205130817
205119540
205118617
205118194
205117754
205186954
205112407
205118792
205129906
205138446
205108230
205102135
205149935
205105553
205098386
205100146
205118568
205107599
205088254
205114712
205122159
205121970
205098885
205105794
205395410
205078732
205099585
205082008
205136486
205065419
205073740
205101419
205095426
205081234
205049697
205048234
205088983
205197933
205154810
205047910
205071497
205073157
205081316
205043900
205138663
205055965
205049360
205057871
205056929
205063936
205082870
205056611
205038220
205065270
205331717
205090302
205158243
205087243
205036121
205040680
205116043
205036119
205036124
205048129
205034920
205038192
205172995
205090066
205079734
205155994
205142267
205027501
205064604
205043044
205036813
205042016
205024977
205025488
205159659
205042488
205024013
205030189
205072059
205023748
205030391
205081950
205029247
205070864
205071909
205069173
205024179
205005557
205092188
205005411
205044276
205001737
205000586
205015984
205066322
205083926
204995630
205004603
205019635
204993247
204989919
205036123
205064327
205003029
204997474
205077095
205009019
205048033
204999522
204989564
204977275
205016204
205110937
204973642
204989461
204985668
205033244
204954667
205134329
204952431
205021361
205152775
204991150
204950949
204970349
204961519
204952103
204952060
204967893
204941031
204947272
205123408
204927178
204971388
204929498
204961521
205312830
204915944
204917397
204952108
204924196
204915691
204914304
204925273
205119091
204976771
204909540
204936082
204909288
204998876
204905078
204904757
204943460
204938516
204887940
204889551
204887422
204885965
204951037
205100677
204885963
204909290
204998335
204921964
204883814
204917395
204907501
204884203
204930492
204869820
205028372
204872882
205303883
204863098
204862862
205068193
205149779
204904009
204867429
204858493
204857985
204887364
204857146
205093697
204869746
204850898
204849042
204849043
204861387
204842766
204873632
204848735
204974694
204849154
204843967
204873191
205043491
204839075
204836988
204859753
204830175
204837433
204837405
204894866
204798149
204817794
204826732
204809636
204989085
204836286
204844845
204822098
204925183
204804525
204803071
204837398
204828535
204803028
204840486
204790968
204823588
204790912
204805793
205541978
204851923
204810974
204794516
204792196
204826338
204776391
204806999
204804506
204808744
204800104
204834924
204784678
204776975
204772618
204789592
204740848
204734820
204804480
204734039
204849058
204727903
204740066
204715391
204720764
204731103
204736989
204874422
204726240
204841766
204739920
204826456
204713097
204701984
204694129
204752988
204705321
204638634
204741976
204834902
204634010
204772737
204728269
204749240
204599224
204780965
204747198
204632671
204742116
204611563
204845778
204608001
204680821
204746816
204631020
204601863
204606295
204628963
204700233
204722135
204724957
204595366
204610941
204580690
204577091
204741973
205055346
204570967
204833110
204589505
204859405
204711761
204558123
204553674
204612819
204612825
204549934
204588712
204559405
204621562
204558571
204640561
204541394
204587506
204549096
204541932
204528568
204611129
204874829
204787152
204519781
204575142
204505070
204726026
204501481
204494615
205012648
204706141
204539544
204490934
204483421
204557506
204481341
204508444
204483422
204480282
204541430
204491700
204539707
204523843
204545415
204522180
204711736
204461221
204476186
204479002
204651713
204542393
204494108
204439005
204506762
204493731
204531418
204484487
204711712
204804768
204433490
204519985
204483418
204477067
204461318
204443384
204568149
204436869
204477693
204604946
204420134
205124785
204414919
204411924
204484740
204454801
204427121
204462864
204398462
204397579
204456169
204473597
204441095
204530213
204433158
204531332
204417158
204432875
204525420
204524703
204377404
204376265
204419587
204430447
204456145
204518501
204553090
204432551
204386803
204365849
204416564
204379298
204361094
204347227
204403637
204518512
204394969
204362922
204406722
204391674
204346440
204350110
204345145
204424556
204366368
205605640
204351224
204336080
205172685
204456422
204343368
204325885
204335801
204392153
204321756
204325875
204329360
204320353
204320809
204365299
204478781
204456293
204313721
204317690
204623638
204372354
204307506
204311918
204306480
204307020
204376625
204302742
204303830
204303331
204301847
204291749
204549280
204338894
204297441
204288233
204564801
204305377
204284284
204860267
204324736
204302186
204389995
204301084
204277420
204277383
204285907
204575319
204276794
204280794
204275042
204270328
204257512
204252969
204257090
204266791
204265247
204247516
204317242
204283838
204256219
204249615
204252705
204273007
204259586
204262917
204238316
204237106
204235010
204242147
204231343
204283907
204279826
204229533
204266792
204444746
204206468
204210336
204204115
204228027
204196376
204233275
204196529
204199070
204987486
204193118
204180990
204546627
204185562
204227275
204180637
204226153
205137952
204156883
204167604
204149785
204161044
204158755
204173146
204175435
204157925
204179916
204243194
204152370
204199661
204163835
204153748
204176012
204147203
204152670
204147539
204145005
204148804
204152514
204149644
204219879
204193085
204138059
204136426
204135865
204711776
204134426
204135288
204133025
204133746
204103451
204156240
204145451
204124795
204133762
204133046
204121089
204144152
204116006
204195880
204193976
204152669
205118833
204109175
204160884
204119684
204159176
204104083
204114647
204162349
204103419
204133059
204203042
204115778
204126342
204102591
204137367
205232105
204101625
204102746
204100647
204089738
204107917
204248486
204086540
204094972
204087556
204989370
204113506
204080422
204069786
204067538
204140868
204063098
204092153
204069273
204063076
204058871
204217633
204039046
204252776
204035040
204037809
204074552
204038293
204059713
204079501
204074361
204035868
204112948
204017726
204139836
204033002
203962188
204012221
204108491
203989363
204015291
203976289
203968666
204049883
205132717
204110712
204008557
203991320
204004501
204010345
204246258
204001773
204025896
204030829
203945349
203947851
203986203
204017412
204044001
203941273
204139833
203985623
203941292
203957726
203941397
203934842
203935147
203934468
203962928
203933046
203924006
203944288
203944282
203921139
204042983
203914507
203911462
203999689
204216956
203905211
204082010
203962883
203904541
204462142
203984809
203903768
203903383
203919360
203956823
203914181
203901610
203942566
203903301
203926305
203898191
203893660
203949345
203948532
203889633
204339614
203882804
203880597
204211782
203880459
203880539
203881285
203933783
205744481
203876031
203935733
203911307
203878721
203874170
203874977
203873644
203873997
203867506
203860124
204023677
203850566
203853236
203910458
203882156
204196054
203876481
203861912
203896319
203844111
203846868
203895874
205503067
203848578
204045218
203799433
203881283
203858424
203845358
203809302
203861825
203809148
204102538
203845055
204007891
203852854
203891645
203878928
203879974
203889817
203845449
204145362
204032963
203837750
203842841
203838011
203919292
203842824
203842382
204873931
203842539
203842290
203841841
205126400
203841786
203842574
203842350
203842608
203842454
203842189
203841750
203904449
204974743
203842802
203841251
203841236
205180742
203837882
203845445