210649161
210822836
216788782
212677688
216157312
212874742
210570781
212481193
211061528
210408730
212928418
212805577
213888268
211457314
211314921
212153231
212197559
212561089
212928970
212557671
212805584
209962294
214534285
209770245
209901198
211552050
212524020
216672340
212281820
214252872
214252875
215235408
216061048
210085316
214596104
213378639
209468064
209480681
213870118
213834559
213960711
213960712
214169896
214169853
208964609
210694186
208956750
213000480
210808389
209370626
209561421
211282294
211133136
213929999
212801323
212944171
211666480
209881168
213625427
214657917
214842239
211745444
213083308
214615730
214031549
209578180
211124683
211692265
211261182
211032635
211300161
211299962
211055006
215303270
210634933
213342315
214094542
212171348
211847302
212170213
212691511
216560541
210672759
210685192
210503246
212120685
212282850
215732260
215735253
210837257
210672097
214661485
216425895
211959302
216502421
209789967
209837434
209787773
212393810
212382111
212662832
212594931
211119392
215559786
215505622
211206900
214440192
210114754
213161430
215197208
215199212
213363767
210844241
209907302
210228594
211091577
212674943
210228618
209579420
210797484
209877682
215291348
209876948
216970446
216970449
213267201
215504732
213214089
215512818
216094507
216150780
213753870
210007068
209091356
216236580
209095217
214669905
210840424
210005111
211154821
211034259
211170195
211036069
210830787
213734619
211021543
209215464
210833394
214656756
211072023
214996912
212852203
213027913
214087569
214996913
209064473
209678570
209678650
209085807
209431046
209311304
210644108
209244138
216076406
216023175
212396595
212386992
212386993
212504829
211597608
215615617
211583890
210285618
209194551
211711373
210519291
209181759
215000927
210513102
209200664
210524975
209144240
210540759
216013578
210132323
212056962
215219112
210059713
214179356
214069890
209390829
208873342
209097466
212933195
212879852
212901169
212788728
212481205
210168761
210067446
209682958
209626898
212656488
209787264
209334731
212394015
212433376
211667761
211711586
209601335
209787580
208903775
209100740
212410717
212509139
209363413
209134551
209281536
209517188
212627221
215849666
211170197
214711786
212805551
212694706
211678283
211745375
211878743
211927769
213632317
213398231
210224220
210198950
211348317
214936202
211230944
214670325
209235991
216432456
209062739
213938072
215497149
216843236
209145701
209182187
215193095
214264555
211745338
211648209
217050512
209760047
209354367
212779278
212719924
212662876
209944359
210072892
213372498
211855230
213071747
213035651
216744334
216827084
216840980
213739402
209682867
209795304
208829514
209135727
209176967
210841759
208829650
210849912
209735846
211515539
209146055
213159016
212271789
213447863
212502752
212502759
209616699
209484639
209311768
209240800
211348697
214099167
216986363
211463224
211327854
212925767
212751197
209436483
208905387
212956497
213715152
210080783
211745343
211679114
209954961
213946444
216123855
208990619
210400490
213048167
215088820
209817860
212285216
213487232
209924840
210641195
210837178
212891205
210084691
209135708
209145785
209986325
211070234
210187299
210028616
210028617
209987509
211145975
211083277
211006870
210242212
213947779
213848768
211138355
213466708
211095472
210228573
210085315
212738118
212698300
216244764
215381282
216251971
215372441
214585314
215535109
215554590
214211402
214211156
215559774
209524047
209251689
209219266
213629697
214299005
213715633
215042022
212411241
212331686
216915979
216950917
215387578
215384826
211883377
215057600
211650052
211517901
211598883
211744039
214156450