209575589
209560248
209575361
209575208
209575006
209574863
209575005
209574977
209575348
209575022
209558477
209575549
209575761
209561420
209573256
209574823
209558741
209576107
209576032
209574768
209558479
209573966
209575201
209574869
209576102
209576297
209575886
209574483
209576312
209561785
209575609
209575802
209576814
209576794
209576143
209576218
209576394
209575543
209576962
209575040
209576302
209557933
209576642
209576657
209576608
209574840
209573674
209577302
209573319
209573717
209562549
209577418
209577497
209576968
209575806
209577634
209576551
209577278
209577431
209558618
209577305
209577737
209577669
209563210
209577829
209577947
209578059
209577984
209578150
209578154
209577671
209578241
209578085
209578321
209578083
209577637
209576922
209576973
209578859
209576641
209578939
209578847
209577114
209579159
209577520
209578736
209578694
209579219
209573970
209579029
209575346
209579073
209579713
209579459
209579660
209575959
209564373
209579828
209579732
209579210
209579375
209579482
209579860
209579902
209579434
209575954
209580314
209575952
209580174
209580132
209580323
209578661
209578569
209580430
209579677
209580819
209578695
209580558
209580217
209580308
209581155
209578212
209580769
209580376
209579321
209581056
209581095
209581242
209581305
209581830
209580156
209581944
209581102
209578643
209581318
209580515
209581727
209577502
209582219
209582019
209582294
209581889
209582301
209581973
209581957
209580565
209578857
209580557
209582434
209565774
209582454
209581917
209582505
209581869
209582544
209582283
209582697
209581876
209582350
209582807
209582438
209582767
209582962
209582320
209583116
209583187
209582736
209581898
209582819
209582828
209583222
209558478
209582681
209583234
209580215
209583099
209582919
209583584
209583447
209583641
209583747
209583186
209580940
209580880
209583933
209583398
209584098
209577000
209583509
209584093
209584189
209584352
209583686
209576555
209576858
209584373
209576553
209566152
209584300
209584525
209566175
209584595
209566353
209584630
209584618
209584656
209584517
209584689
209584560
209584835
209564461
209567132
209584825
209584598
209584823
209583119
209584904
209584973
209585154
209584657
209584942
209585052
209585085
209584886
209583602
209585370
209585484
209585510
209585170
209585056
209585162
209583257
209585555
209585195
209585548
209584206
209585644
209585306
209585694
209584840
209584281
209585283
209585612
209585705
209585580
209584512
209585732
209585762
209585692
209585758
209568844
209585945
209585492
209586091
209585990
209586003
209584738
209584878
209583884
209586151
209585646
209586026
209586089
209586163
209585840
209586497
209586372
209586090
209586498
209586636
209586659
209586641
209586177
209584637
209586670
209585643
209586662
209586821
209586476
209585208
209586499
209586627
209586881
209587178
209586543
209587175
209587204
209587082
209586969
209587200
209570436
209580406
209586285
209587217
209587734
209586504
209570702
209586957
209582830
209570703
209587519
209570297
209584669
209587273
209588246
209587514
209588035
209570693
209570374
209586882
209588152
209584375
209570695
209588225
209588108
209588215
209587859
209588594
209588628
209588617
209587508
209571418
209588549
209588630
209588913
209588726
209588886
209588306
209588323
209581632
209588865
209570264
209589040
209589048
209589107
209589108
209589326
209571904
209589456
209588995
209577052
209589614
209589338
209589655
209589582
209589750
209589793
209589539
209588968
209589807
209589682
209588216
209589701
209590167
209582728
209570465
209589613
209590423
209580340
209590358
209581206
209588713
209587598
209573608
209590335
209590593
209590531
209590654
209590661
209585633
209590668
209590827
209591277
209590529
209591302
209591376
209589367
209591388
209591410
209590726
209591391
209591379
209591232
209588487
209591046
209591534
209591599
209591606
209591753
209591792
209591666
209588426
209591610
209591836
209591931
209585653
209574113
209592028
209590473
209591612
209590382
209592104
209592254
209591717
209592226
209590994
209592310
209592297
209592200
209591912
209592330
209592393
209591538
209592063
209592324
209592509
209592329
209592426
209592667
209592630
209592666
209592579
209588657
209590475
209592199
209574746
209592019
209592991
209574733
209593060
209575258
209592678
209592625
209593608
209575282
209575495
209593376
209592989
209593662
209593246
209575295
209593328
209593576
209575947
209593817
209593955
209591851
209593973
209591900
209593706
209593616
209594436
209578248
209594739
209594009
209594134
209594210
209594233
209594381
209593957
209594743
209594487
209594118
209593619
209594883
209594907
209594591
209594977
209594666
209594890
209594949
209593808
209592343
209595415
209595033
209590131
209595399
209595236
209595466
209594940
209594650
209595154
209595322
209595671
209595284
209581212
209595643
209595305
209595449
209579422
209595268
209579415
209594941
209595640
209579144
209578489
209591444
209579457
209580227
209596208
209595804
209595099
209596361
209596450
209595747
209596566
209596240
209596894
209592311
209596852
209596493
209595885
209596926
209590312
209595227
209597230
209597188
209593249
209595959
209590095
209597226
209581597
209579969
209581634
209597392
209587645
209597409
209597345
209596034
209597446
209597231
209596138
209596238
209596231
209597528
209597552
209597482
209597786
209597649
209597447
209596904
209597774
209597802
209596658
209597934
209597910
209596547
209597908
209598210
209581137
209596861
209596163
209598399
209597127
209597301
209595348
209578191
209597298
209582991
209598830
209597304
209597469
209598906
209598901
209597452
209597461
209599262
209598977
209599341
209597662
209599309
209597705
209599368
209597495
209599494
209598678
209599500
209599676
209592594
209599326
209599848
209599434
209599958
209599693
209600056
209600271
209600348
209599977
209600069
209599978
209599847
209598428
209598807
209598542
209598703
209599701
209588229
209600430
209598870
209600645
209600545
209600429
209595922
209596625
209599441
209599173
209598834
209601253
209601167
209599598
209601349
209597050
209586754
209601432
209601000
209599997
209600007
209599650
209601350
209601920
209597172
209600419
209587433
209600410
209585743
209599694
209600420
209602090
209600921
209602092
209600641
209600384
209602105
209602097
209602113
209602247
209602075
209601061
209600538
209602318
209600335
209574745
209602333
209601201
209601197
209602471
209602448
209588733
209601288
209602331
209585704
209589129
209599919
209602598
209602354
209602603
209602725
209602663
209589409
209602739
209602675
209601643
209602721
209598987
209601265
209601883
209602942
209595757
209601924
209591736
209590037
209602955
209602011
209602762
209602263
209603148
209586934
209597228
209603168
209603388
209602044
209603409
209600988
209602056
209603399
209602999
209602580
209590411
209603751
209603382
209601887
209603573
209602528
209602243
209590204
209603255
209603279
209603629
209603818
209603835
209603946
209601406
209603737
209603088
209591574
209590409
209604348
209604329
209604670
209604593
209584625
209603662
209604607
209604810
209601385
209603784
209604785
209598497
209603696
209604742
209604793
209596043
209604794
209604852
209604791
209592449
209592446
209603961
209604012
209604400
209593763
209604271
209605324
209604287
209600479
209605168
209605381
209605378
209604605
209604708
209604680
209585672
209605372
209604771
209605514
209604736
209594168
209594170
209604844
209605710
209605608
209604805
209605064
209594501
209605033
209595912
209606093
209602619
209604950
209605853
209601683
209603071
209594585
209606320
209605253
209606413
209605247
209606211
209606433
209605226
209605217
209606502
209597048
209605509
209606505
209606611
209594368
209606296
209605418
209605785
209594403
209606312
209595376
209606216
209595870
209595384
209595856
209607195
209597154
209606445
209606063
209606139
209607521
209606339
209607400
209597165
209607595
209606717
209606673
209606624
209606782
209604061
209606785
209605434
209607522
209606444
209607182
209606950
209607608
209606459
209607417
209607284
209607415
209607532
209607525
209607564
209607641
209603013
209607785
209598883
209608338
209608141
209608036
209608438
209607958
209606866
209598293
209608549
209608378
209608687
209608425
209608375
209608610
209608744
209607655
209608373
209608743
209608880
209599921
209608991
209608972
209608468
209609101
209608726
209609140
209608769
209600006
209609383
209609126
209609539
209608926
209608939
209609178
209609897
209609905
209610025
209601222
209609833
209610136
209610300
209608308
209609560
209610364
209610156
209609692
209610246
209610237
209599489
209610360
209610464
209610423
209610553
209610622
209610733
209609396
209602561
209610693
209610830
209610965
209610853
209610686
209611313
209606420
209597535
209607078
209611200
209611367
209611386
209606749
209595927
209611312
209610336
209610715
209611063
209611223
209611560
209611190
209611435
209611522
209611264
209611314
209601544
209611583
209603566
209611716
209611618
209611720
209611376
209611792
209611813
209611839
209611617
209611687
209611464
209611867
209611307
209611946
209611993
209612184
209612014
209612071
209611910
209611821
209612154
209612405
209612208
209612325
209604446
209612570
209612156
209612614
209612738
209612706
209612389
209612838
209612768
209612843
209612906
209612598
209604598
209612897
209612223
209612996
209611083
209612990
209613035
209613082
209613119
209605379
209613277
209610223
209605342
209613684
209613621
209613774
209613758
209612878
209613886
209605427
209613800
209613885
209613958
209614048
209614320
209614481
209614258
209606510
209614416
209611112
209614458
209610461
209614667
209614581
209614067
209615232
209614782
209615405
209607703
209615372
209614865
209615619
209615856
209608004
209615857
209615839
209615795
209611446
209615850
209611374
209614743
209615998
209608414
209615782
209616156
209616623
209616661
209616672
209608490
209616667
209616730
209613893
209612916
209616781
209616763
209616948
209616921
209616301
209617085
209617261
209617162
209617307
209617144
209617305
209617018
209613786
209617344
209617489
209617515
209611125
209611614
209617361
209617476
209578512
209617534
209617492
209617533
209617614
209617399
209617473
209617412
209617528
209617488
209617397
209597556
209617683
209617394
209617736
209617398
209595864
209617734
209617396
209617555
209602466
209609067
209575690
209612241
209611855
209606508
209617401
209617395
209617400
209597225
209610345
209598470
209581204
209603152
209585888
209606507
209575053
209593110
209574876