209573970
209573966
209574113
209574823
209574840
209574876
209574977
209575040
209557933
209558479
209558478
209558477
209558618
209558741
209575208
209560248
209575201
209573256
209573319
209573674
209573717
209574483
209574768
209574831
209574869
209574863
209575022
209575006
209575005
209575348
209575589
209575346
209575361
209575543
209575609
209575549
209575690
209575761
209575806
209575802
209561420
209575886
209575952
209575959
209575954
209576032
209576107
209576102
209576143
209576218
209576312
209576297
209576302
209576394
209561785
209576553
209576555
209576608
209576641
209576642
209576794
209576814
209576858
209576922
209576973
209576962
209576968
209577114
209576551
209576657
209577305
209577302
209577278
209577000
209577052
209577431
209577418
209577497
209562549
209577502
209577634
209577520
209577669
209577637
209577737
209577671
209563210
209577829
209577947
209577984
209578059
209578083
209578085
209578150
209578154
209578191
209578212
209578241
209578321
209578512
209578569
209578695
209578643
209578736
209578661
209578859
209578857
209578694
209579029
209579073
209579159
209578847
209578939
209579210
209579219
209579321
209579375
209579434
209579482
209579459
209579713
209564373
209579660
209579677
209579732
209579828
209579860
209579902
209580156
209580174
209580215
209580217
209580132
209580314
209580308
209580323
209580340
209580430
209580515
209580376
209580406
209580769
209580819
209580880
209580557
209580565
209580558
209580940
209581056
209581095
209581155
209581212
209581102
209581204
209581318
209581206
209581632
209581305
209581242
209581830
209581898
209581889
209581944
209581917
209581957
209581727
209582019
209581869
209582219
209581876
209582294
209582301
209581973
209582320
209582438
209582434
209582454
209565774
209582505
209582544
209582350
209582283
209582697
209582728
209582736
209582767
209582807
209582819
209582830
209582828
209582681
209582919
209582962
209583116
209583119
209583099
209566152
209583187
209583186
209583222
209583234
209566175
209583257
209583398
209583447
209566353
209583509
209583584
209583602
209583641
209583686
209583747
209583933
209583884
209584093
209584098
209584206
209584300
209584281
209584189
209584560
209584352
209584375
209584373
209567132
209584598
209584595
209584618
209584512
209584525
209584625
209584517
209584630
209584657
209584637
209584669
209584656
209584689
209564461
209584835
209584738
209584904
209584825
209584823
209584840
209584886
209584878
209584973
209584942
209585154
209585056
209585052
209585170
209585085
209585162
209585370
209585208
209585484
209585510
209585195
209585555
209585548
209585612
209585646
209585633
209585653
209585644
209585694
209585306
209585283
209585704
209585705
209585732
209585643
209585580
209585692
209585492
209585672
209585762
209568844
209585758
209585840
209585888
209585945
209586003
209586091
209585990
209586163
209586177
209586151
209586026
209586089
209586090
209586372
209586497
209586498
209586285
209586659
209586636
209586641
209586670
209586499
209586504
209586476
209586662
209586934
209586969
209586821
209586627
209586957
209570264
209586881
209586882
209587178
209586543
209587175
209587273
209587204
209587082
209587508
209570436
209587200
209587217
209570297
209587598
209587734
209587519
209570702
209587645
209587514
209570693
209570703
209570374
209588229
209570695
209587859
209588246
209588035
209588152
209588216
209588108
209588426
209588225
209588215
209588306
209588323
209588594
209588628
209588617
209571418
209588549
209588630
209588713
209588726
209588913
209588886
209588657
209588865
209588968
209589048
209589040
209589108
209589107
209588995
209589367
209571904
209589326
209589338
209589456
209589539
209589614
209589582
209589655
209589750
209589793
209589807
209589682
209570465
209589701
209589613
209590095
209590167
209590131
209590312
209588487
209590335
209573065
209590358
209590382
209590423
209590475
209590473
209590529
209590531
209573608
209590593
209590661
209590668
209590654
209590726
209590827
209590994
209591046
209591232
209591277
209591302
209591376
209591388
209591379
209591410
209591391
209591534
209591538
209591599
209591612
209591444
209591610
209591606
209591736
209591753
209591792
209591666
209591717
209591836
209591851
209591931
209591900
209592028
209592019
209592104
209592200
209592199
209591912
209592226
209592254
209592311
209592324
209592297
209592310
209592343
209592329
209592330
209592393
209592063
209592426
209574746
209592509
209574733
209592630
209592579
209592667
209592666
209592594
209592625
209592678
209575053
209592991
209593060
209575258
209575282
209593249
209593608
209593246
209575295
209593376
209592989
209593328
209575495
209593662
209593110
209593576
209593817
209575947
209593973
209593619
209593616
209593955
209593808
209594009
209594134
209593706
209593957
209594739
209594436
209578248
209594210
209594650
209594381
209594233
209594591
209594487
209594743
209594118
209594883
209594907
209594666
209594977
209595033
209578489
209594890
209594941
209594940
209594949
209595236
209595322
209595415
209595399
209595449
209595466
209579144
209595154
209595099
209595227
209595640
209595643
209595671
209595284
209595305
209595268
209579415
209579422
209595757
209579457
209595348
209595912
209595922
209595927
209579969
209596043
209580227
209596208
209595804
209595747
209596240
209596361
209596450
209596493
209596566
209595885
209581137
209596894
209596852
209597050
209596904
209596926
209581597
209597172
209597188
209597230
209595959
209597345
209596034
209597231
209597226
209581634
209597228
209597392
209597447
209597409
209597446
209596138
209596238
209596163
209596231
209597482
209597528
209597552
209597649
209597786
209596547
209597774
209596625
209597802
209597908
209596658
209597934
209597910
209598210
209596861
209598399
209598470
209598497
209597048
209582991
209598678
209597127
209597304
209597301
209597298
209598830
209597452
209597461
209597469
209598901
209598906
209597495
209598977
209597662
209597705
209599262
209599341
209599309
209599326
209599441
209599368
209599434
209599494
209599500
209599676
209599693
209599701
209599848
209599958
209599977
209599978
209600069
209600056
209600271
209598542
209600348
209599921
209598428
209599847
209600430
209600429
209598807
209598703
209600479
209598834
209598870
209600545
209600645
209598987
209600921
209585743
209601000
209599173
209601167
209601253
209599694
209601349
209599650
209599598
209601350
209601385
209586754
209601432
209599919
209599997
209600007
209601920
209600335
209600420
209600419
209587433
209600384
209600410
209600538
209602090
209602092
209600641
209602097
209602105
209602075
209602113
209600988
209601061
209602247
209601197
209602318
209602331
209602333
209574745
209601201
209602354
209602471
209602466
209602448
209601265
209601288
209588733
209601406
209589129
209602598
209602603
209602675
209602725
209602663
209602721
209602762
209589409
209601544
209602739
209601643
209601683
209590037
209601883
209601887
209601924
209602942
209602955
209603071
209602011
209602044
209603148
209602263
209603168
209603152
209603388
209603751
209602056
209603409
209603573
209602528
209602580
209602999
209603399
209590411
209603737
209603382
209590409
209603629
209602243
209590204
209603279
209603255
209602619
209603818
209603784
209603835
209603946
209603013
209604061
209603088
209591574
209604348
209604329
209604670
209604593
209604607
209603662
209604742
209604810
209604771
209604791
209604785
209604794
209603696
209604793
209604852
209592446
209592449
209603961
209604012
209605168
209604287
209604271
209604400
209593763
209605372
209605324
209605378
209605381
209605434
209604605
209593848
209604708
209604736
209604680
209605514
209594168
209594170
209605608
209604844
209604805
209594501
209605710
209604950
209605853
209605033
209605064
209606093
209594368
209594403
209606211
209606216
209606296
209606312
209606320
209594585
209606413
209605247
209605253
209605226
209606445
209606420
209606433
209605217
209606502
209606505
209606508
209606510
209606507
209605418
209605509
209595417
209606611
209606673
209595376
209606866
209605785
209595384
209595856
209595870
209595864
209607195
209606063
209597154
209597165
209606139
209596503
209607522
209607400
209607521
209606339
209607595
209607608
209606444
209597225
209606459
209606624
209606717
209606782
209606785
209606749
209597535
209597556
209606950
209607078
209607182
209607284
209608141
209607417
209607415
209598293
209607525
209607532
209607564
209607641
209608308
209608338
209607655
209607785
209598883
209607958
209608425
209608036
209608438
209608549
209608687
209608378
209608610
209608375
209599489
209608743
209608744
209608373
209608880
209600006
209608468
209608991
209608972
209608726
209609140
209609101
209608769
209608926
209608939
209609126
209609539
209609383
209609560
209609178
209609692
209609833
209609897
209609905
209610025
209601222
209609396
209610136
209610246
209610223
209610300
209610336
209610345
209610156
209610364
209610237
209610461
209610360
209610423
209610464
209610553
209610622
209610733
209602561
209610715
209610693
209610686
209610853
209610830
209610965
209611125
209611112
209611083
209611063
209611313
209611200
209611190
209611367
209611386
209611223
209611264
209611464
209611312
209611314
209611560
209611522
209611435
209611446
209611376
209611307
209611583
209611716
209611720
209611374
209603566
209611614
209611618
209611617
209611687
209611792
209611813
209611839
209611910
209611821
209611946
209611855
209612071
209611867
209611993
209612014
209612156
209612184
209612223
209612241
209612154
209612208
209612405
209612325
209612389
209604446
209612570
209612614
209612598
209612738
209612706
209612768
209612838
209612916
209612843
209612878
209612906
209604598
209612897
209612996
209612990
209613035
209613082
209613119
209613277
209605379
209605342
209613684
209605427
209613774
209613621
209613758
209613786
209613800
209613886
209613885
209613893
209613958
209614067
209614048
209614320
209614481
209614258
209614416
209614458
209614667
209614743
209614782
209614581
209614865
209615372
209615232
209615405
209607703
209615619
209608004
209615856
209615857
209615839
209615782
209615795
209615850
209615998
209608414
209616156
209616301
209616623
209616672
209616661
209616667
209608490
209616730
209616781
209616763
209609067
209616948
209616921
209617018
209617085
209617261
209617162
209617144
209617307
209617305
209617399
209617398
209617397
209617344
209617395
209617396
209617401
209617400
209617361
209617489
209617515
209617476
209617394
209617412
209617534
209617492
209617614
209617533
209617473
209617528
209617488
209617555
209617683
209617736
209617734
209617738
209617749
209617745
209617784
209617799
209617861
209618122
209618067
209618149
209618151
209618171
209618283
209618492
209618622
209618625
209618484
209618959
209619038
209619069
209619173
209613710
209614484
209619281
209613582
209613514
209613909
209619336
209614055
209614101
209613572
209614695
209619888
209619928
209620390
209620392
209620345
209614942
209620651
209620725
209615477
209615946
209620892
209620889
209620996
209621027
209621225
209621226
209617284
209617353
209621279
209621286
209617591
209617887
209621602
209621672
209621608
209621697
209618338
209621896
209618247
209618867
209621928
209622037
209622177
209622168
209618873
209622070
209622042
209617279
209619872
209622243
209622644
209622656
209622702
209622757
209622759
209622875
209622944
209621009
209622566
209623055
209623048
209614888
209614899
209623096
209623141
209615217
209623152
209621520
209615605
209615554
209615735
209615665
209623166
209623194
209615624
209621963
209623247
209622137
209623225
209615708
209616205
209615809
209621918
209623412
209623407
209616296
209616018
209623415
209616474
209616563
209616668
209623720
209616699
209616727
209622752
209616943
209617127
209617326
209617184
209617202
209623876
209617338
209617418
209623885
209623908
209624065
209617587
209624033
209617596
209617802
209624140
209618032
209618059
209618142
209618278
209618538
209618650
209618552
209624346
209624370
209624467
209624483
209624222
209619389
209624615
209619262
209624605
209619431
209624427
209624560
209624743
209624425
209624466
209619392
209624732
209619693
209619728
209619726
209619579
209624711
209624510
209624390
209620226
209620270
209624816
209620278
209624826
209624910
209620531
209625027
209625035
209620878
209625086
209625136
209625134
209625085
209620938
209621140
209625208
209621334
209621369
209621382
209625237
209621466
209621549
209621546
209625281
209625354
209625396
209625398
209625411
209621908
209622030
209622057
209622014
209622060
209622081
209622290
209596434
209622360
209625979
209622629
209622627
209625963
209622668
209622681
209625970
209622651
209622695
209626110
209622622
209622680
209626113
209622739
209626165
209622894
209622908
209623074
209626270
209623188
209623193
209626300
209626301
209626313
209623417
209623288
209626340
209626363
209625736
209623733
209623731
209625780
209626545
209626566
209626512
209626559
209623989
209623987
209626653
209624034
209624131
209626700
209624112
209626739
209626774
209624344
209624332
209626839
209626866
209626878
209626850
209626022
209624661
209624741
209624827
209626996
209626984
209624911
209624969
209625078
209624993
209625089
209625076
209625181
209627109
209627111
209626638
209626612
209625183
209627161
209626404
209626870
209626876
209627287
209625275
209627344
209627426
209625498
209625579
209627482
209627483
209626185
209627550
209626182
209627561
209627626
209626480
209626687
209627898
209627941
209626764
209627822
209628002
209628032
209628005
209628001
209628087
209628081
209628126
209628137
209627102
209628157
209627156
209627337
209628254
209628253
209627373
209627504
209627534
209627562
209628319
209627667
209628429
209628423
209628697
209627895
209627909
209627938
209628012
209628092
209628194
209628782
209628809
209628906
209628858
209628911
209628873
209628492
209628557
209628664
209628647
209628656
209628714
209628731
209629346
209629316
209629113
209629177
209629401
209629158
209629174
209629514
209629184
209629518
209629319
209629216
209629662
209629648
209629458
209629647
209629589
209629798
209629821
209629814
209629768
209629809
209629806
209629807
209629790
209629799
209629786
209629987
209629830
209629981
209629828
209629853
209630012
209630085
209630030
209630095
209630130
209630136
209630124
209630181
209630200
209630206
209630217
209630220
209630255
209630262
209630270
209630258
209630296
209630399
209630582
209630618
209630665
209630623
209630671
209630820
209630828
209630709
209631018
209631068
209631175
209631233
209631153
209631118
209631327
209631287
209631136
209631329
209631336
209631370
209631466
209631467
209631519
209631531
209631491
209631539
209631541
209631493
209631524
209631555
209631543
209631592
209631673
209631626
209631631
209631629
209631708
209631715
209631733
209631776
209631841
209631962
209631991
209632030
209632020
209631849
209632223
209632097
209632065
209632270
209631946
209632152
209632273
209631846
209632197
209632247
209632296
209632178
209632185
209632070
209632092
209632371
209632378
209632032
209632263
209632381
209632149
209632298
209632535
209632427
209632576
209632369
209632550
209632640
209632616
209632643
209632865
209632983
209632930
209633051
209633130
209633144
209633190
209633043
209633168
209633366
209633242
209633287
209633591
209633633
209633804
209633615
209633450
209633428
209633457
209633434
209633443
209633648
209633578
209633352
209633796
209633793
209633859
209633886
209633849
209633959
209633968
209633960
209633967
209634072
209634080
209634070
209634136
209634180
209634159
209634164
209634193
209634210
209634294
209634366
209634293
209634508
209634399
209634729
209634760
209634703
209634775
209634718
209634851
209634846
209634765
209634815
209634736
209634886
209634864
209634899
209634835
209634865
209634927
209634955
209634961
209635030
209635047
209634986
209635075
209635083
209635079
209634984
209635159
209635157
209635167
209635433
209635395
209635496
209635590
209635572
209635525
209635594
209635637
209635581
209635550
209635666
209635615
209635645
209635696
209635682
209635824
209635896
209635715
209635838
209635911
209635796
209635915
209635870
209635883
209636010
209635756
209636014
209636013
209636065
209636038
209636073
209636152
209636132
209636126
209636156
209636169
209636193
209636066
209636213
209636288
209636267
209636287
209636301
209636349
209636621
209636719
209636341
209636685
209636885
209636804
209636858
209636572
209636590
209636508
209636952
209636602
209636977
209637045
209636585
209637070
209636991
209637078
209636879
209636853
209636911
209637211
209637296
209637380
209637381
209637472
209637392
209637434
209637287
209637289
209637308
209637307
209637581
209637584
209637418
209637665
209637724
209637940
209637563
209637993
209637718
209637951
209638057
209638127
209638250
209638241
209638352
209638329
209638353
209638340
209638097
209638403
209638401
209638041
209638443
209638538
209638503
209638552
209638424
209638591
209638599
209638284
209638622
209638762
209638821
209638779
209638520
209638328
209638522
209638510
209638519
209638648
209638901
209638986
209638727
209639126
209639032
209638753
209639218
209639063
209639250
209639299
209638721
209639060
209638866
209638868
209639456
209638862
209638877
209638903
209638864
209639601
209639568
209640047
209639545
209639637
209640110
209640064
209639161
209640142
209640109
209640122
209639167
209640215
209640222
209640214
209640219
209640217
209640258
209640246
209639476
209640221
209640161
209640213
209639642
209640631
209640424
209640278
209640635
209640740
209639487
209639780
209640517
209640265
209639807
209640766
209640768
209639790
209640759
209639799
209640886
209640912
209640905
209640969
209640977
209640830
209641280
209641278
209641403
209641341
209641385
209641375
209641398
209640182
209641510
209640340
209641508
209640259
209640355
209641645
209641486
209641497
209641071
209639929
209641277
209640328
209641524
209640636
209641806
209640733
209640732
209641894
209640785
209640776
209641797
209640802
209640843
209642165
209640940
209640972
209642277
209640962
209642264
209641035
209641142
209642567
209642502
209642582
209642538
209642747
209642755
209641245
209642555
209642661
209642943
209642616
209643034
209641397
209642900
209642865
209642902
209643117
209643086
209643010
209643142
209643154
209643143
209643314
209639685
209643486
209643559
209643573
209642042
209643685
209643696
209643179
209643712
209642130
209643822
209643771
209643711
209643510
209642171
209643870
209642341
209643967
209644060
209642385
209642651
209644150
209644084
209642624
209644262
209642783
209644255
209642737
209642579
209644372
209642880
209644555
209644680
209644708
209642904
209642962
209644920
209642960
209643081
209645090
209644915
209643166
209645055
209645162
209643083
209645219
209644949
209644851
209645073
209643327
209645338
209645379
209645102
209645407
209645482
209645473
209645545
209645488
209645436
209645717
209645590
209645596
209645639
209643723
209645442
209643618
209645677
209645621
209645642
209645649
209645671
209645548
209643719
209645805
209645848
209645852
209643843
209646085
209643968
209643950
209643952
209644141
209646314
209646337
209646396
209646494
209644105
209646637
209644248
209646638
209644299
209646718
209646650
209646717
209646791
209646801
209646841
209644576
209644489
209646910
209644598
209646989
209644682
209647012
209646923
209646918
209646917
209647106
209644857
209647167
209644862
209647208
209647165
209645095
209645096
209647315
209647439
209647232
209647385
209647487
209647568
209647595
209647782
209647751
209647878
209647957
209647971
209647996
209647675
209645510
209648083
209648133
209648131
209648177
209648205
209645700
209645697
209648343
209648372
209648426
209645830
209645947
209648444
209646216
209648634
209648647
209648621
209646474
209648625
209648580
209648673
209646442
209648794
209648681
209648678
209648896
209648810
209648861
209646573
209648925
209648991
209649001
209646570
209649057
209649116
209649202
209649213
209649172
209649199
209649200
209646905
209649248
209646990
209647132
209649518
209649358
209649368
209649382
209647079
209647131
209647334
209649536
209647408
209647372
209647130
209647414
209649543
209649556
209649547
209649697
209649695
209649663
209649709
209649866
209649967
209649945
209650011
209650010
209647745
209650156
209650138
209647873
209650235
209650388
209650246
209648002
209650422
209650451
209648221
209650526
209650528
209650473
209650467
209648412
209650585
209650632
209650466
209650629
209648329
209648339
209648394
209650652
209648428
209650781
209650634
209650693
209650939
209648581
209650703
209648529
209648503
209648549
209648682
209651090
209651205
209651240
209651375
209651373
209651376
209651391
209651406
209651443
209651551
209651544
209651411
209651613
209649050
209651645
209651667
209649167
209650996
209649257
209649287
209651879
209649468
209649425
209651951
209651973
209652057
209649529
209651931
209649732
209652161
209649771
209649815
209649959
209652201
209649971
209652222
209652230
209652228
209652331
209652316
209650065
209652454
209652622
209652736
209652930
209650401
209652927
209650380
209652768
209650348
209653053
209650508
209652711
209653083
209652951
209653167
209652982
209652997
209653086
209653211
209653253
209650685
209653292
209653271
209650875
209653351
209650684
209653574
209653350
209653468
209653617
209653851
209653725
209653910
209653976
209651179
209653761
209654080
209653975
209651666
209651341
209654242
209651840
209654039
209653898
209654091
209651593
209654246
209654251
209654361
209654382
209652070
209652115
209654358
209654445
209652167
209652117
209652173
209654494
209652266
209652277
209652345
209654625
209654658
209652397
209654895
209652937
209652928
209654983
209652986
209653079
209652895
209652883
209655126
209653002
209655388
209655362
209655259
209655420
209653215
209655376
209655433
209652979
209655476
209655382
209655555
209653316
209655605
209655625
209653259
209655604
209655721
209655067
209655643
209655659
209655665
209655723
209655781
209653730
209655848
209653739
209655849
209655823
209653801
209655912
209655909
209653888
209653873
209656015
209656100
209654089
209656171
209654159
209656222
209656269
209656489
209656567
209656661
209656258
209654229
209656576
209656756
209654111
209654434
209656587
209654224
209654526
209654480
209656797
209656788
209656800
209656818
209656902
209656912
209654710
209656914
209654823
209656977
209656946
209654878
209655281
209655402
209655204
209657089
209657064
209655493
209655607
209657149
209655673
209657148
209655609
209657154
209657186
209655763
209657203
209655832
209657209
209655795
209655811
209657373
209657400
209656014
209657469
209655869
209657482
209657403
209657598
209657627
209657824
209657924
209657748
209657925
209657796
209657971
209657995
209657610
209657878
209657916
209657926
209657946
209658069
209656321
209658080
209656403
209658061
209658006
209657998
209656418
209656430
209653090
209656462
209658206
209656486
209658227
209658223
209656448
209656494
209658310
209658316
209658415
209658427
209658465
209656720
209657992
209656638
209656584
209658649
209656716
209656810
209656811
209658632
209656888
209658797
209658789
209658818
209658792
209658936
209658933
209658914
209658212
209658973
209658995
209659206
209659015
209657051
209659272
209659203
209659107
209659150
209659125
209659333
209659339
209659402
209657157
209659540
209659594
209657306
209657333
209659616
209659766
209659674
209657416
209659666
209660034
209660115
209659413
209660215
209657683
209660125
209660456
209657697
209660562
209660479
209660632
209660590
209660621
209660338
209660626
209660608
209657828
209660518
209660659
209657804
209660623
209660672
209660643
209658053
209657982
209660917
209660984
209658056
209660991
209661005
209658156
209661063
209660639
209660997
209661011
209661074
209661100
209661238
209658286
209658262
209661411
209661398
209658358
209658383
209661607
209661770
209661940
209661065
209661387
209661672
209661901
209658711
209658292
209662052
209658664
209661743
209658720
209661856
209658599
209661614
209661456
209662185
209662254
209662336
209662160
209662293
209662322
209662486
209662110
209662280
209662255
209662331
209662360
209662474
209662549
209658908
209662597
209662706
209662663
209662836
209662905
209663109
209663130
209663101
209663146
209663164
209663159
209663144
209663154
209663145
209659080
209659082
209663305
209663201
209659127
209663348
209663381
209663358
209659246
209659277
209663806
209663674
209663649
209659334
209659290
209663949
209663998
209659448
209664135
209659691
209659720
209664188
209664171
209664257
209659792
209664287
209664362
209664371
209664410
209659860
209664618
209664501
209664793
209664765
209660134
209663753
209660276
209664878
209664074
209660359
209660417
209665114
209660785
209665276
209660681
209660718
209665408
209665386
209660675
209665400
209665437
209665401
209665359
209665224
209665416
209665567
209665556
209664607
209660953
209665390
209665757
209665845
209661466
209661464
209665968
209661658
209666097
209666189
209661826
209661867
209661815
209666458
209661818
209666607
209666577
209666582
209666474
209665896
209666654
209662151
209666780
209666842
209666848
209666668
209666891
209666901
209662297
209666964
209662298
209666994
209662469
209667044
209662573
209662563
209667181
209667182
209662576
209662642
209667344
209667330
209662742
209662749
209662811
209667043
209667340
209662919
209667411
209667404
209662983
209667479
209667414
209667692
209667696
209663091
209667795
209663009
209667798
209663288
209668027
209667405
209667755
209667979
209663385
209663311
209663247
209663379
209663396
209663336
209668105
209663489
209668043
209668113
209668183
209667818
209668260
209663765
209668312
209668321
209663857
209663931
209668349
209668329
209668215
209668271
209668341
209664004
209668436
209668422
209668440
209664011
209668480
209668694
209668686
209668888
209664323
209668968
209668998
209669026
209669097
209669106
209669127
209669125
209664563
209664516
209669483
209669519
209669546
209669547
209669523
209669522
209669576
209664888
209669607
209669531
209669685
209665044
209669688
209665229
209669765
209669848
209669809
209669852
209669819
209665478
209669960
209669958
209665451
209669873
209670126
209669997
209669806
209670003
209670023
209665527
209670330
209670342
209670276
209665701
209669953
209665742
209670315
209670437
209670426
209670436
209670457
209665802
209670504
209670555
209670548
209670523
209666135
209666196
209666244
209666148
209670764
209670763
209670828
209670829
209670820
209670830
209666403
209670929
209670948
209666572
209671016
209666696
209666786
209666845
209671286
209666843
209666839
209671398
209666864
209666880
209671593
209667015
209666954
209666975
209667026
209671902
209671931
209667100
209667103
209671881
209671967
209672018
209667102
209671987
209672091
209672096
209671990
209672090
209672270
209672302
209672147
209672182
209672198
209667451
209667622
209672461
209672475
209672515
209667684
209672500
209672532
209667811
209672581
209672715
209672662
209672773
209667993
209672932
209673015
209673038
209673089
209672244
209673118
209672385
209668101
209672391
209673133
209668123
209668121
209668140
209673234
209673157
209668120
209673338
209673376
209673363
209673371
209673427
209668240
209668269
209673512
209673499
209672720
209673557
209673561
209672737
209673609
209673661
209672711
209673723
209672852
209673696
209673774
209673923
209673364
209668838
209673971
209673980
209668824
209668825
209668927
209674042
209674070
209674049
209672087
209668908
209674138
209673257
209674242
209669092
209674318
209674380
209669095
209674391
209674390
209674471
209673701
209674534
209674556
209674548
209674555
209674608
209674605
209674702
209674701
209674674
209674647
209674764
209674719
209674811
209674812
209674384
209674394
209674903
209669785
209670025
209670012
209674586
209675044
209670057
209669916
209675098
209670104
209675047
209674835
209675179
209675396
209675403
209675030
209675456
209675024
209675241
209670706
209675091
209675622
209670679
209675654
209670715
209675483
209670498
209675469
209675814
209675913
209670712
209676000
209675785
209671030
209670922
209676060
209670975
209675831
209676058
209675588
209676181
209671105
209676232
209675882
209676263
209671198
209676231
209671729
209676762
209671786
209671736
209671721
209671762
209671776
209676860
209676952
209677201
209677253
209676973
209677238
209672106
209677303
209672040
209672103
209677267
209672105
209672102
209672089
209677073
209677325
209677298
209676894
209672187
209677372
209677120
209672227
209677350
209677293
209677492
209672443
209672593
209677521
209677612
209677623
209672326
209677340
209672301
209677399
209672371
209677512
209672411
209677663
209672543
209677732
209672743
209677873
209672851
209672867
209677906
209677983
209678062
209672710
209678074
209672988
209678231
209678296
209678297
209678309
209678302
209678361
209672953
209678360
209678457
209673119
209673143
209673230
209678707
209673319
209673435
209678304
209673572
209673868
209673915
209678600
209674096
209674100
209673474
209674095
209674083
209678781
209678784
209678825
209678831
209678895
209678843
209678870
209678879
209678850
209678845
209674206
209678918
209678926
209678928
209678944
209678950
209678972
209678975
209679006
209679025
209678988
209679084
209679122
209679181
209674566
209679425
209679529
209679462
209679591
209679586
209679471
209679611
209679376
209674578
209674681
209674677
209679706
209674642
209679715
209679725
209679830
209679820
209679816
209679825
209679910
209674684
209679936
209680012
209679755
209680080
209680197
209680269
209680203
209680391
209680366
209680323
209680463
209680479
209680575
209680609
209680671
209675056
209680825
209680890
209680923
209681118
209680960
209680971
209681209
209681243
209681205
209681297
209675218
209681275
209681280
209675197
209675389
209675406
209681363
209681419
209681387
209681452
209675463
209675609
209675645
209681542
209675770
209675768
209675764
209675900
209675896
209681573
209681568
209676054
209681577
209676126
209676188
209676447
209676351
209676325
209676786
209676788
209676855
209677001
209677091
209681694
209677287
209677347
209681739
209677331
209681732
209677302
209677345
209677469
209681870
209677769
209677989
209677925
209677992
209682057
209678160
209678226
209678426
209678357
209678485
209678549
209682238
209682237
209678609
209678708
209682273
209682279
209678242
209678887
209678889
209678838
209678840
209678890
209678935
209678905
209678920
209678907
209679081
209682311
209679538
209682375
209682388
209679871
209680056
209679696
209679962
209680232
209680278
209680053
209680395
209680456
209682535
209680561
209680292
209680445
209682684
209680961
209681111
209680764
209682813
209682777
209682798
209681386
209682940
209681590
209681634
209681595
209683285
209681645
209681688
209683502
209681719
209683556
209683619
209683673
209681811
209683672
209683726
209681944
209683766
209683777
209683791
209683798
209683875
209683836
209683859
209683889
209684337
209684207
209684558
209684577
209684686
209682288
209684841
209684858
209684792
209684850
209684868
209684917
209684924
209682443
209684976
209682387
209685058
209685305
209685335
209685122
209685575
209685376
209685710
209685724
209682510
209685733
209685775
209685907
209685931
209685938
209685975
209686001
209685974
209686019
209681817
209686073
209682263
209686066
209686111
209686165
209686210
209686205
209686248
209686388
209686624
209686733
209682902
209683005
209683048
209683068
209683055
209686857
209686898
209686880
209686934
209687025
209686967
209687333
209687341
209687092
209687355
209687380
209687425
209687387
209683173
209687191
209687405
209687201
209687373
209683344
209687383
209687772
209687770
209687910
209683499
209687941
209688007
209687986
209688139
209688143
209688219
209688151
209688222
209688224
209688223
209688248
209688243
209688245
209688242
209688409
209688553
209688404
209688438
209688520
209688402
209689029
209688890
209689277
209689154
209689278
209689509
209689463
209689349
209689501
209689474
209684067
209689634
209684008
209683971
209689503
209684016
209684028
209689089
209683780
209689640
209689885
209684133
209690068
209690036
209690070
209684466
209684344
209684451
209690294
209690180
209684673
209690370
209690516
209690557
209690580
209690673
209690751
209682950
209684862
209690780
209690588
209683034
209690949
209691192
209690888
209685050
209691062
209684995
209691274
209691304
209691211
209685135
209691306
209691313
209691340
209685291
209691378
209691410
209685319
209691508
209685515
209685496
209685619
209685750
209685612
209691830
209685623
209691810
209691843
209691837
209685743
209685783
209692016
209692050
209686044
209686159
209686234
209686281
209686219
209692239
209692209
209686416
209692393
209686424
209686566
209692492
209684748
209692567
209692650
209684757
209692590
209692591
209686658
209692689
209692718
209684875
209692742
209686724
209692844
209692861
209684918
209693012
209686757
209693202
209685674
209686969
209685599
209687028
209687074
209687078
209687242
209693640
209687410
209686014
209693677
209693823
209687413
209693777
209693880
209693915
209686265
209694010
209694025
209694112
209694115
209694199
209694094
209694256
209687950
209687912
209687735
209688062
209687934
209687927
209688040
209686742
209687957
209688230
209688192
209694462
209694439
209688237
209688330
209686958
209694562
209694563
209688356
209688605
209694595
209688626
209694650
209688649
209688670
209688629
209688661
209688660
209687356
209688689
209688665
209694659
209694756
209694834
209694798
209694809
209694796
209688771
209688831
209688804
209688868
209688800
209688844
209694909
209688852
209688901
209688964
209688968
209688995
209695077
209689027
209695121
209688953
209695225
209689023
209688399
209688951
209689016
209689024
209689020
209689043
209689044
209695424
209688836
209689034
209695421
209689162
209689216
209689004
209695504
209695512
209688735
209688981
209689575
209689637
209695690
209689217
209695755
209695763
209689273
209689620
209689781
209695855
209689676
209695905
209690032
209689579
209695942
209690030
209690472
209696171
209696172
209696183
209696179
209690567
209696180
209696205
209690608
209690647
209696239
209690821
209690813
209696248
209696339
209696337
209690986
209690930
209690594
209690995
209691025
209696453
209696607
209696454
209696664
209696620
209696697
209696621
209696918
209697074
209696790
209697037
209697071
209691267
209690926
209696816
209697049
209696902
209696977
209697138
209697140
209697164
209697139
209697163
209697137
209691314
209697187
209691323
209697181
209697256
209697289
209697283
209697376
209697341
209691462
209691583
209697304
209691541
209697478
209697479
209691681
209691834
209691827
209691854
209691990
209691728
209691968
209692018
209697535
209697588
209692036
209691822
209692031
209691836
209697614
209692246
209697707
209692628
209692511
209692736
209692488
209697951
209693076
209693448
209693496
209693547
209693778
209693774
209693693
209693584
209693581
209694109
209694113
209694098
209694375
209698098
209698099
209694400
209694499
209694569
209694610
209694564
209694747
209694766
209698136
209694827
209694898
209694782
209695080
209694905
209698189
209698302
209695059
209698312
209695744
209695774
209696091
209692213
209696173
209696414
209698383
209698371
209698412
209697275
209697388
209697445
209697347
209697663
209697761
209697980
209698531
209698206
209698637
209698210
209698681
209698311
209698673
209698676
209692542
209698104
209698642
209698542
209692768
209698768
209698907
209699016
209699162
209698841
209698675
209698766
209699144
209698969
209699204
209699565
209698887
209698943
209699077
209699233
209699055
209698857
209698941
209699619
209699441
209699449
209699554
209699668
209699695
209699735
209699737
209699829
209699848
209699773
209699780
209699788
209699776
209699839
209699844
209699943
209699842
209700034
209700072
209700181
209700126
209700287
209700311
209700437
209700422
209700474
209700773
209700671
209700725
209700647
209700709
209700732
209700740
209700744
209700969
209700967
209701018
209701088
209701144
209701130
209701035
209701258
209701155
209701224
209701290
209701223
209701271
209701192
209701296
209701347
209701384
209701369
209701661
209701539
209701742
209701770
209701908
209701850
209701722
209702079
209702140
209701948
209701917
209702298
209702054
209702304
209702160
209702306
209702461
209702537
209702546
209702569
209702598
209702575
209702587
209702362
209702356
209702702
209702709
209702590
209702520
209702910
209702567
209702874
209702909
209702914
209702915
209702950
209702916
209702811
209702783
209702949
209703221
209703653
209703337
209703294
209703732
209703187
209703358
209703857
209703357
209703680
209702964
209703210
209703307
209703283
209703731
209703602
209704290
209704300
209704297
209704326
209704291
209704491
209704499
209703690
209704610
209703704
209704698
209704709
209704711
209703968
209704044
209704027
209704866
209704063
209704994
209704187
209705033
209704315
209704083
209705411
209704508
209704479
209705463
209705576
209705544
209705562
209704565
209705730
209705580
209705943
209704719
209704611
209706287
209706330
209706345
209706406
209706340
209706404
209706428
209706409
209706427
209704707
209706429
209704758
209706487
209706488
209706570
209704987
209705007
209704998
209705132
209705026
209705107
209705330
209705316
209706892
209705379
209705642
209706018
209707194
209707235
209706243
209707381
209706448
209706461
209706502
209707391
209706642
209706738
209707544
209706872
209707632
209707621
209707102
209707097
209707054
209707121
209707313
209707302
209707826
209707392
209707318
209707429
209707658
209707642
209708066
209708100
209707494
209708010
209707599
209707864
209708207
209707912
209708047
209708259
209708367
209708411
209708484
209707638
209707774
209707893
209707902
209708084
209708433
209708086
209708219
209708044
209708575
209708167
209708771
209708987
209708956
209709036
209709000
209709071
209709092
209709146
209709238
209709149
209709338
209709367
209709347
209709361
209709373
209709387
209709517
209709854
209709931
209710000
209709530
209710127
209693354
209710456
209710595
209710580
209693555
209710525
209710532
209710526
209710528
209710655
209710584
209710530
209710758
209710759
209710712
209710654
209710818
209710817
209710821
209693974
209711150
209711234
209711284
209710915
209711068
209711057
209711283
209711317
209711742
209711565
209712704
209712729
209712841
209712851
209712834
209712854
209713523
209713524
209713976
209713904
209714144
209714203
209715132
209715328
209715417
209715283
209715313
209715525
209715538
209715651
209715816
209694582
209694565
209695832
209695342
209696308
209665745
209696186
209716196
209716268
209660553
209696743
209696875
209696822
209696884
209696926
209711017
209711013
209711131
209711148
209711134
209716489
209711872
209711993
209697379
209712468
209712534
209712633
209716745
209713534
209716770
209713779
209697699
209713785
209697750
209716807
209716918
209713995
209716920
209716939
209697928
209717121
209717180
209717185
209715278
209715300
209715490
209716301
209716430
209716421
209716426
209716395
209717916
209716666
209716818
209718020
209718130
209718128
209718146
209718269
209718191
209717904
209718222
209718065
209718088
209718119
209718190
209718485
209698285
209718488
209718487
209718525
209718518
209718517
209718529
209718524
209718586
209718578
209698378
209718639
209718672
209698501
209718789
209718843
209698809
209718886
209699078
209718902
209718907
209718967
209719028
209718857
209718971
209719100
209718962
209719186
209718970
209699501
209699290
209719190
209719341
209719539
209719470
209700261
209700071
209719717
209700480
209719738
209720064
209720136
209719985
209720135
209720179
209720079
209720321
209720296
209720330
209720326
209720517
209720592
209720254
209720382
209720600
209720676
209720392
209701724
209701726
209701628
209720784
209720635
209720998
209701858
209720718
209720987
209720742
209720942
209702011
209721239
209721223
209721342
209721363
209721260
209721292
209721340
209721487
209721596
209721603
209721586
209721591
209721605
209721606
209721624
209721645
209721665
209721601
209721716
209721828
209721919
209686820
209721969
209722026
209690368
209722178
209703223
209722184
209722239
209722225
209703268
209703555
209722525
209722647
209722748
209722822
209722745
209722759
209722796
209722963
209722769
209723024
209704231
209723138
209703814
209722924
209704304
209722680
209722883
209723192
209723374
209723785
209723765
209723796
209704600
209723721
209704669
209723702
209723738
209723800
209704720
209724065
209723855
209704802
209724023
209724213
209724103
209724101
209704999
209724327
209705151
209724430
209724581
209724604
209724557
209705409
209724725
209724950
209724936
209725197
209724893
209725259
209672249
209725281
209725365
209725548
209725615
209725261
209725300
209725262
209725634
209725962
209726018
209726089
209726071
209726102
209726167
209726274
209726387
209726543
209726470
209726533
209726689
209726796
209726680
209726619
209726802
209726690
209726976
209727015
209727018
209727016
209727069
209726956
209727162
209726950
209722147
209727111
209727059
209725742
209727166
209727416
209727448
209727504
209727570
209727498
209727454
209727782
209727703
209727884
209727713
209727921
209728336
209728276
209727691
209728185
209727988
209728358
209691550
209728442
209706084
209728533
209706117
209706144
209728396
209728582
209728462
209728834
209728597
209728779
209728957
209729057
209729096
209728809
209728962
209729187
209706336
209729184
209728983
209729276
209729100
209728996
209729256
209729269
209729395
209729521
209729078
209729535
209729605
209729598
209729609
209729270
209729345
209729273
209729363
209729377
209729419
209729497
209729752
209729564
209729558
209729615
209729552
209729566
209729578
209729674
209706726
209729935
209730000
209729998
209730040
209729885
209730133
209729956
209730195
209730165
209730163
209729981
209730042
209730210
209730106
209730330
209730308
209730335
209730380
209730175
209730176
209707173
209730456
209730317
209730385
209730550
209730631
209730650
209730590
209730768
209730780
209730728
209730816
209730808
209730711
209730802
209730814
209730838
209730841
209730823
209730973
209731121
209731102
209731101
209731093
209731421
209731262
209731423
209731127
209731576
209731540
209731515
209731633
209708942
209731809
209731768
209731695
209731794
209731814
209731648
209709413
209731876
209732102
209731836
209732081
209731966
209732167
209732030
209732238
209731921
209732205
209732251
209732294
209732292
209732134
209732124
209732370
209732384
209732689
209732809
209732902
209732741
209732783
209732649
209732676
209732845
209732586
209732850
209732922
209732769
209732905
209732945
209732612
209732956
209733311
209710415
209733421
209733334
209733207
209733067
209733284
209733098
209733532
209733571
209733521
209733626
209733623
209733537
209733749
209733930
209733738
209733940
209733905
209734071
209733817
209734069
209733946
209734040
209734326
209734391
209734344
209734463
209734575
209734674
209734672
209734834
209734921
209734937
209734889
209735019
209734844
209735041
209734990
209735035
209735133
209734977
209734978
209734979
209735207
209735188
209735009
209735047
209735189
209735214
209735289
209735127
209735341
209735194
209735294
209735404
209735397
209735370
209735322
209735517
209735510
209735583
209735696
209735693
209735732
209735846
209735831
209735910
209735885
209735791
209736108
209735917
209736131
209736271
209736371
209736119
209736324
209736255
209736445
209736382
209736476
209713053
209713083
209713081
209736762
209736642
209736805
209736822
209736748
209736708
209736781
209736884
209737043
209737140
209737182
209737170
209713478
209737272
209713504
209737294
209737319
209737446
209713614
209737462
209737682
209737583
209737680
209737728
209737744
209737927
209737955
209737932
209738130
209738145
209738259
209738229
209738505
209738776
209739131
209738772
209714842
209739167
209739372
209739102
209739410
209738965
209715200
209739330
209716175
209739698
209739399
209739461
209740025
209740075
209739725
209739745
209739846
209739857
209705654
209739906
209740381
209740033
209740488
209740023
209740132
209740086
209740693
209740268
209740817
209740829
209740836
209740461
209740439
209740434
209740455
209740491
209736503
209740579
209741229
209741270
209717090
209741408
209740696
209741516
209741429
209741493
209740912
209741434
209740831
209741674
209741041
209741841
209741157
209741322
209741417
209717786
209742063
209717805
209741600
209741621
209742166
209741643
209742455
209741742
209742524
209742548
209741730
209741801
209742769
209741854
209718725
209742756
209718873
209742872
209742450
209742449
209742437
209742519
209743007
209719297
209742559
209743137
209719521
209719495
209719499
209743342
209742768
209719500
209742793
209743505
209743528
209742831
209743576
209743025
209742992
209743074
209743589
209743701
209743193
209743732
209743762
209743407
209743359
209720405
209720322
209720468
209743568
209743918
209743988
209743932
209743840
209743861
209744091
209744075
209744193
209743956
209744184
209744223
209744248
209744100
209744177
209744032
209720911
209744155
209720977
209744269
209720914
209744561
209744586
209744578
209744668
209744689
209744660
209721656
209744818
209721728
209744813
209744974
209745093
209744907
209745200
209745058
209745286
209744935
209745030
209745078
209745448
209745446
209745523
209745479
209745649
209745797
209722689
209745622
209745814
209745838
209745802
209745889
209723179
209745852
209745828
209723120
209745722
209746011
209746001
209746117
209745986
209746205
209746256
209746017
209746255
209746238
209745919
209746263
209746096
209746160
209746447
209746523
209746246
209723177
209745855
209746007
209746231
209746268
209745992
209746445
209746313
209746355
209746250
209746127
209746731
209724083
209746312
209746130
209723967
209724072
209746244
209746534
209746794
209746643
209746844
209746847
209746666
209746742
209746862
209724320
209746860
209724354
209747032
209746936
209724601
209747332
209747272
209747281
209747113
209747369
209747371
209747403
209747408
209747420
209747360
209747615
209747377
209747373
209747672
209747732
209749988
209747943
209725249
209725266
209747230
209747754
209747652
209748146
209748110
209747696
209747720
209748266
209747839
209747792
209747890
209747893
209748366
209748443
209748131
209748372
209748385
209748623
209747413
209748238
209725891
209748322
209748466
209748620
209748789
209749024
209726997
209725978
209749031
209749022
209748656
209749068
209748689
209748529
209726646
209748930
209748940
209749321
209749327
209749383
209749328
209749137
209749145
209727266
209749177
209749251
209749275
209749182
209749520
209749632
209749366
209749709
209728238
209749737
209728068
209749724
209749733
209749872
209749880
209749864
209749883
209749940
209728654
209749963
209749968
209728892
209750048
209750085
209728748
209729562
209750134
209750187
209750452
209729326
209750470
209750496
209750389
209750500
209750520
209750655
209750619
209750666
209750727
209750724
209730427
209750865
209750916
209750920
209750863
209750960
209750961
209751058
209751064
209751101
209751311
209751258
209751464
209751280
209731108
209751565
209751543
209751306
209751456
209751457
209751302
209751868
209751951
209731199
209751961
209731245
209752024
209751971
209752103
209714879
209751963
209752120
209752037
209752017
209752190
209714844
209752224
209752242
209752358
209752388
209752288
209752448
209752582
209752629
209752770
209753032
209752789
209753074
209753035
209753077
209752836
209753180
209753188
209752953
209752943
209752930
209753289
209753139
209753182
209753400
209753426
209753452
209753485
209753428
209753570
209753488
209753661
209753515
209753517
209753612
209753733
209753668
209753847
209753889
209753921
209753959
209753887
209753950
209753995
209754047
209753969
209754275
209754385
209754204
209754244
209754475
209754488
209754533
209754764
209754841
209754984
209754981
209754958
209733859
209754931
209755081
209755032
209755174
209755157
209755207
209755390
209755208
209587882
209613613
209625132
209631333
209631775
209651832
209659338
209658708
209662599
209673536
209673534
209670118
209675150
209695056
209700333
209734727
209755450
209755453
209755482
209755473
209755540
209755692
209755659
209755655
209755748
209755731
209755722
209735227
209755804
209755811
209735665
209755878
209756080
209736126
209756450
209756940
209756966
209756979
209757167
209757188
209757205
209757287
209757377
209757407
209757443
209757491
209757470
209757543
209757536
209757700
209757722
209757781
209757774
209737012
209737064
209757851
209757856
209757779
209757870
209757976
209737086
209757950
209757890
209758105
209737124
209758077
209758344
209758396
209758442
209758318
209758337
209758327
209758542
209758540
209758620
209737795
209758875
209758922
209758940
209758886
209758997
209759025
209759007
209759159
209759232
209759216
209759239
209759238
209759221
209759417
209759421
209759419
209759418
209759489
209759521
209759523
209759617
209759524
209759525
209759768
209759819
209759766
209740372
209760213
209759774
209740073
209759821
209759924
209760477
209760409
209760381
209760208
209760226
209760339
209760876
209760450
209761388
209761464
209761409
209743051
209760720
209760761
209760920
209761154
209742175
209760262
209761367
209761385
209761325
209761359
209743673
209762013
209761876
209743765
209762223
209744261
209762290
209744073
209744250
209762349
209762551
209762516
209745725
209762629
209746139
209762689
209746349
209762777
209762837
209762920
209763009
209762988
209763074
209763039
209763046
209763090
209747339
209763150
209763258
209763359
209763419
209763501
209763523
209763679
209763667
209748403
209748308
209763791
209748440
209763958
209748422
209763521
209763738
209748972
209764185
209764393
209764299
209764394
209764455
209764397
209755968
209764399
209755951
209764597
209756283
209756141
209756159
209756261
209764653
209764789
209756477
209756533
209756698
209759526
209757079
209757071
209749822
209764869
209764901
209764897
209750027
209750171
209757398
209757628
209757587
209757599
209750244
209764917
209764896
209757677
209757694
209757735
209757730
209757947
209750947
209758065
209765445
209765451
209758238
209758215
209758455
209758463
209751746
209758323
209758365
209751935
209765524
209758726
209758885
209765567
209758824
209765565
209751920
209758956
209758820
209758893
209758878
209759029
209758898
209759230
209758889
209759088
209765651
209765707
209765708
209752742
209752730
209765856
209759348
209759409
209759455
209759555
209759595
209759615
209759591
209765959
209753483
209759724
209766044
209759845
209759933
209754398
209766062
209759938
209754600
209766110
209766131
209760387
209760533
209766381
209766397
209760674
209760791
209760839
209761009
209761136
209761201
209761423
209761293
209761477
209761407
209766543
209766560
209761741
209761769
209761794
209755950
209755954
209761988
209761946
209766615
209766618
209766660
209766624
209766627
209762316
209766832
209756277
209766747
209766852
209766833
209756645
209756672
209766895
209762739
209762832
209762830
209766916
209763088
209757333
209766954
209757350
209757355
209763269
209763407
209763637
209763495
209763621
209763499
209763619
209767197
209767195
209757977
209757978
209757935
209763837
209767282
209767315
209764277
209767390
209767391
209764281
209767392
209758705
209767488
209758626
209764291
209764450
209759047
209767781
209764529
209767766
209758852
209758945
209767891
209767873
209767829
209758903
209764628
209767938
209765154
209765232
209765425
209765548
209765508
209765547
209768151
209765681
209765719
209765806
209765871
209768201
209768239
209768256
209768309
209766075
209760577
209766235
209766497
209768482
209768471
209768507
209766396
209766070
209760866
209766234
209761212
209766544
209768572
209766812
209761354
209768608
209766989
209766995
209768688
209768721
209761952
209767210
209768772
209768820
209769017
209767759
209769035
209767796
209769063
209767848
209767840
209769134
209767918
209769169
209769256
209769275
209768220
209769230
209768166
209769260
209768249
209762332
209767972
209769300
209768047
209762511
209762672
209768364
209768278
209768363
209769368
209768430
209768519
209768769
209768730
209769691
209768776
209768817
209769732
209768930
209768932
209769765
209768965
209769120
209769817
209769118
209769229
209769232
209769218
209763651
209769433
209769548
209769521
209769594
209769634
209770001
209769646
209770018
209770057
209764380
209770061
209770123
209770084
209770026
209770262
209770089
209770104
209770204
209764929
209770361
209770452
209770245
209770582
209765792
209770675
209770732
209770690
209770915
209770822
209770918
209770771
209770936
209770758
209770933
209770815
209770807
209770827
209771008
209766384
209770912
209766547
209771072
209771087
209771134
209771159
209771263
209771333
209771332
209771325
209771358
209771375
209771377
209771483
209771431
209771496
209771465
209771665
209771639
209771766
209771647
209767445
209771793
209771672
209767421
209771645
209771844
209771800
209771641
209767481
209771964
209743835
209767441
209771990
209772069
209772071
209772158
209772159
209772168
209772161
209772195
209772313
209772268
209772352
209772365
209772405
209772823
209772835
209772813
209772784
209772754
209772953
209772917
209773027
209773024
209773041
209772959
209773073
209768351
209773001
209773028
209768398
209773091
209768603
209768602
209773050
209768620
209773216
209773262
209773284
209773327
209773378
209773334
209773351
209773437
209773436
209773497
209773482
209773519
209769304
209773588
209773532
209773842
209773844
209773833
209773678
209773869
209773701
209773929
209773452
209773671
209773749
209773658
209773653
209774024
209773720
209769676
209774052
209773991
209773891
209769783
209773832
209773975
209774128
209774068
209769949
209774086
209774238
209774215
209774351
209774360
209770543
209774377
209774466
209774616
209774513
209774539
209770735
209774694
209774737
209774541
209774620
209774742
209770800
209775100
209775114
209774855
209775032
209775045
209774861
209771092
209775072
209775180
209775248
209775296
209775266
209775307
209775340
209775312
209772345
209775406
209775494
209775498
209775518
209775515
209775497
209775583
209775635
209773286
209775685
209775691
209775680
209775767
209775873
209775902
209775936
209775920
209775881
209774577
209774678
209776111
209776116
209776035
209776161
209776147
209776169
209774954
209775276
209776328
209776342
209776350
209776334
209775827
209776343
209776321
209775850
209776635
209776233
209776571
209776631
209776570
209776555
209776686
209776733
209776847
209776556
209776335
209776786
209776772
209777043
209776973
209776967
209777023
209776999
209777112
209777098
209777170
209777186
209777199
209777246
209777243
209777319
209777225
209777301
209777406
209777462
209777404
209777477
209777463
209777513
209777531
209777555
209777562
209777771
209777814
209777557
209777779
209777937
209777896
209777690
209777898
209777689
209777766
209777757
209777939
209777816
209777878
209777934
209778184
209777727
209778319
209778180
209778071
209778275
209778097
209778185
209778076
209778451
209778422
209778311
209778491
209778370
209778536
209778726
209778601
209778692
209778748
209778734
209778996
209779007
209778913
209779053
209778798
209779060
209779095
209779186
209779153
209779323
209779299
209779349
209779374
209779440
209779406
209779451
209779008
209779105
209779526
209779514
209779117
209779461
209779201
209779486
209779341
209779615
209779570
209779762
209779417
209779425
209779444
209779821
209779449
209779931
209779982
209779768
209780004
209779727
209779841
209779565
209780048
209779656
209779780
209780083
209780085
209780323
209780102
209780238
209780330
209780126
209780697
209780736
209780413
209780816
209780784
209780967
209780987
209780982
209780989
209781027
209780497
209781076
209780916
209781161
209781188
209780782
209781226
209781259
209781272
209780837
209780983
209781380
209781422
209781443
209781439
209781442
209781440
209781438
209781444
209781109
209781225
209781166
209781801
209781167
209781843
209781959
209782164
209782187
209782055
209781628
209782019
209782193
209782018
209782155
209781485
209781521
209782439
209782225
209782448
209781685
209782190
209782391
209782421
209782005
209782702
209782025
209782683
209782847
209782113
209782953
209783051
209783028
209783036
209783088
209783023
209783150
209783031
209782941
209783090
209782981
209783030
209783201
209783238
209782397
209783159
209783263
209782651
209783222
209782714
209783329
209782566
209782804
209782752
209783323
209782948
209783317
209783107
209783582
209783128
209783633
209783186
209783204
209783827
209783883
209783454
209783850
209783962
209783591
209784048
209784078
209784136
209784058
209784203
209784079
209784312
209784026
209784328
209783945
209784287
209784023
209784116
209784465
209784570
209784508
209784492
209784431
209784469
209784444
209784512
209784385
209784715
209784430
209784679
209784664
209784765
209784762
209784854
209784946
209784816
209785195
209785249
209785284
209785350
209785337
209785359
209785327
209785361
209785332
209785638
209785384
209785769
209785853
209785887
209785566
209785988
209785582
209785623
209785639
209785753
209786165
209786192
209785850
209786175
209785908
209785895
209786299
209786258
209786207
209786307
209786357
209786213
209786591
209786638
209786341
209786682
209786581
209786563
209786495
209786736
209786554
209786806
209786689
209786293
209787068
209787219
209787349
209787374
209787245
209787237
209787272
209787253
209787247
209787440
209787251
209787483
209787598
209787656
209787595
209787758
209787657
209787852
209787863
209787853
209787976
209787904
209787981
209787906
209788040
209788084
209788021
209788193
209788316
209788095
209788078
209788309
209788371
209788376
209788396
209788148
209788636
209788630
209788657
209788598
209788333
209788419
209788788
209788457
209788479
209788824
209788878
209788847
209788894
209788964
209789114
209789087
209789050
209788852
209788900
209789163
209789116
209789186
209789216
209789021
209789215
209789196
209789240
209789277
209789564
209789444
209789678
209789861
209789868
209789578
209789811
209789632
209789828
209789860
209789682
209789755
209789878
209789819
209789883
209789884
209789933
209789924
209789874
209789960
209789981
209790071
209790129
209790057
209790126
209789994
209790209
209790487
209790348
209790404
209790475
209790544
209790164
209790459
209790607
209790661
209790644
209790721
209790727
209790699
209790722
209790723
209790830
209790838
209790927
209790932
209791025
209790909
209791036
209790963
209790964
209791013
209791030
209791117
209791165
209791229
209791287
209791227
209791336
209791359
209791220
209791384
209791375
209756762
209791509
209791748
209791785
209791838
209791802
209791773
209791953
209791871
209792009
209792031
209792123
209792067
209792178
209791971
209791694
209792343
209792499
209792516
209792474
209792471
209791903
209792472
209792700
209792777
209792861
209793028
209791899
209793283
209793377
209792854
209792838
209793222
209793479
209792902
209793299
209793003
209793225
209793415
209791893
209792300
209792329
209793625
209793624
209793653
209793752
209793690
209793751
209793506
209793576
209793844
209793861
209793877
209793923
209793879
209793997
209794015
209794364
209794507
209794326
209794693
209794476
209794944
209794789
209794120
209794943
209794295
209793933
209794921
209794040
209794815
209793709
209793965
209794589
209794331
209794335
209794355
209795092
209795123
209795187
209795197
209794663
209795236
209794682
209794662
209794493
209795400
209795442
209795438
209795448
209795435
209795423
209794535
209794665
209795616
209795612
209794810
209795453
209795717
209795692
209794935
209795737
209795792
209795840
209795934
209795064
209796084
209795249
209796182
209795511
209796193
209795631
209796439
209796554
209796614
209795695
209795658
209795733
209796735
209796719
209795614
209796814
209795849
209796778
209795639
209796909
209796932
209795634
209797210
209796249
209796288
209797286
209796339
209796314
209796462
209797465
209796486
209796494
209796512
209797552
209796560
209797686
209797640
209797687
209797710
209797763
209797739
209796744
209797864
209797841
209796833
209796761
209797898
209797967
209796773
209797942
209798035
209798077
209798040
209797090
209796895
209798068
209798120
209797135
209798278
209798030
209797258
209797259
209797220
209798417
209797984
209797202
209797345
209797812
209797446
209798611
209797457
209797531
209797591
209797567
209798963
209797612
209799054
209797685
209797611
209798942
209798983
209797752
209799249
209797780
209799163
209799315
209799361
209797957
209797952
209797917
209798055
209798074
209797851
209798165
209799553
209798284
209798315
209799657
209799667
209798519
209799696
209799689
209798590
209799777
209798709
209798754
209799978
209798468
209798853
209800171
209800238
209798717
209798960
209800305
209800318
209800304
209800278
209800309
209800331
209800322
209799815
209800359
209800274
209799811
209799211
209800542
209800467
209800519
209799317
209800585
209800665
209800611
209800672
209799402
209800689
209800777
209800746
209800757
209799405
209799407
209800850
209800852
209800889
209799767
209799783
209800968
209799546
209800995
209799590
209801070
209799613
209799764
209800017
209800134
209800157
209800306
209800149
209800150
209800241
209800316
209800298
209801402
209801438
209800442
209801411
209801529
209801506
209800321
209800371
209801760
209800729
209800641
209801640
209801690
209801741
209800443
209800319
209801874
209801886
209801922
209800733
209801888
209800435
209801988
209801832
209800919
209800837
209801917
209800907
209800572
209802130
209802157
209801097
209802169
209801096
209802166
209802154
209802235
209801122
209801644
209801322
209801408
209802340
209801881
209802461
209801459
209802479
209801618
209801532
209802628
209801632
209801668
209801608
209802723
209802791
209801689
209802995
209802906
209803100
209801810
209803233
209803350
209803373
209802028
209802025
209803522
209802559
209803553
209803431
209802054
209803658
209803660
209803662
209803665
209803613
209803647
209803650
209803604
209803699
209803603
209803744
209803729
209802390
209803857
209803742
209802577
209803832
209803942
209803952
209804001
209804241
209804021
209804266
209804247
209803966
209802798
209804258
209804328
209804345
209803037
209803376
209803024
209803070
209804450
209804421
209804453
209803514
209804443
209804479
209803201
209803714
209803240
209804610
209803274
209803465
209803488
209805073
209805149
209805130
209805076
209805088
209805059
209803562
209805239
209805251
209803677
209804992
209804739
209803685
209803770
209804968
209804825
209805341
209804957
209803807
209803839
209805397
209804630
209803907
209804636
209804751
209804642
209803998
209805614
209805721
209804118
209805804
209805879
209805820
209805841
209805850
209804187
209805645
209805978
209806079
209806033
209806082
209804330
209804403
209804361
209806376
209804492
209806822
209806529
209806672
209806290
209804538
209806804
209806795
209806811
209806624
209804793
209804722
209807024
209807022
209806931
209806999
209806920
209807031
209807058
209807110
209804927
209805000
209807264
209807293
209807346
209807377
209807369
209807339
209804959
209805128
209807460
209806932
209807497
209807033
209805221
209807580
209807308
209807606
209804965
209805329
209807388
209807893
209807844
209807372
209807866
209807947
209807980
209805493
209808026
209808025
209808047
209808034
209807481
209808179
209808238
209805669
209808303
209808304
209808378
209808314
209808434
209808539
209805642
209808517
209808567
209805792
209805767
209807826
209805646
209808577
209808693
209808764
209808779
209805816
209808827
209808822
209805904
209805927
209808851
209808957
209808842
209808921
209808879
209809024
209809008
209809004
209806149
209806222
209809044
209809439
209806511
209806563
209809534
209806652
209809558
209809551
209809570
209806693
209809688
209808821
209808826
209809797
209809759
209809830
209808574
209809984
209807041
209807157
209810085
209809930
209809220
209810168
209810213
209809493
209807165
209807258
209810252
209807198
209807199
209807278
209807320
209810431
209810438
209810478
209807306
209810513
209810511
209810529
209810562
209810591
209810603
209807419
209807470
209809224
209809900
209810684
209810685
209810683
209810773
209807754
209810743
209810953
209810934
209811030
209809989
209811018
209811144
209811114
209809932
209811254
209808058
209811250
209808166
209811113
209808472
209808416
209808241
209811227
209811319
209808477
209811337
209808590
209808589
209811372
209811367
209808633
209811373
209808572
209811554
209811556
209811568
209811678
209808858
209811899
209808839
209812004
209811037
209812063
209812135
209809070
209809021
209812147
209812164
209812170
209809148
209809241
209812253
209811387
209812344
209809377
209809438
209809509
209812640
209812676
209809548
209809533
209809535
209809531
209809589
209809641
209812907
209809532
209809525
209809530
209812913
209812648
209809698
209812969
209809744
209812342
209813026
209813022
209813009
209813074
209813018
209813072
209813175
209810061
209810056
209813157
209813250
209813378
209813397
209813402
209813562
209813611
209810245
209813589
209810351
209810377
209813680
209813736
209813683
209813777
209813817
209813963
209813793
209810671
209813860
209810541
209813938
209814130
209814121
209814150
209814241
209814160
209811006
209814148
209811038
209810913
209810931
209810978
209814230
209811225
209813016
209814336
209810958
209814281
209811270
209814287
209814267
209814450
209814449
209811251
209814499
209814541
209814568
209814821
209814960
209814908
209815022
209811370
209814815
209815156
209815019
209815316
209815321
209815356
209815182
209815224
209814286
209815399
209815481
209815384
209815558
209815441
209813118
209815499
209815706
209812139
209815539
209815341
209815412
209815654
209812158
209815749
209814369
209814480
209814512
209812194
209812337
209812562
209812345
209812463
209815877
209815909
209815944
209816008
209816051
209816060
209812910
209812974
209813024
209816555
209813241
209813066
209813231
209816601
209815101
209816681
209816590
209813371
209814838
209816855
209816856
209816781
209816859
209813638
209816903
209813629
209813667
209813656
209813617
209816923
209816938
209813771
209815380
209817023
209817042
209815650
209814216
209814000
209817032
209814081
209814050
209814099
209815645
209817182
209814102
209817016
209817243
209817300
209817298
209814361
209817404
209814399
209817329
209817496
209814363
209814413
209817497
209817434
209817522
209814564
209815867
209814588
209814538
209814673
209817652
209817725
209814785
209816522
209817724
209817787
209814981
209814962
209814965
209815041
209816565
209816492
209814661
209818111
209814994
209815015
209816663
209815175
209817901
209815166
209817893
209818027
209818059
209818022
209818035
209818142
209818157
209817980
209815564
209816430
209815237
209816785
209818401
209818214
209818238
209814834
209816286
209817829
209816459
209815275
209815834
209815722
209815960
209817111
209818465
209818481
209818486
209818527
209818524
209816035
209816140
209818589
209818599
209818622
209816182
209816245
209816276
209818636
209816353
209818649
209818666
209817580
209818665
209818690
209818076
209816546
209817643
209816528
209816708
209818924
209818961
209816843
209816721
209818964
209816883
209816979
209819118
209816980
209819120
209819205
209818794
209816922
209817269
209818839
209819519
209819637
209819704
209819712
209817407
209819886
209817392
209819897
209817418
209819917
209820021
209820010
209820005
209819984
209817454
209817489
209819999
209817546
209817702
209819628
209820106
209817812
209817632
209817859
209820232
209817910
209818061
209820313
209818047
209819482
209820161
209820198
209817832
209820284
209817996
209818358
209818153
209820875
209820687
209821010
209820975
209821089
209820736
209821093
209818601
209820907
209818676
209821166
209821195
209821186
209818712
209818758
209821222
209821330
209821411
209819038
209821467
209821464
209821459
209819267
209821256
209821284
209821771
209821702
209821783
209821332
209821683
209821806
209821812
209821657
209821828
209819487
209822025
209821727
209822128
209819602
209822191
209822314
209822256
209819878
209822437
209820002
209822347
209822210
209822541
209822449
209822575
209822544
209820120
209822540
209820480
209822579
209822521
209820727
209822583
209820884
209820209
209822644
209820867
209822692
209821036
209822873
209820666
209821074
209822661
209822754
209822757
209821134
209822721
209822983
209821031
209822659
209821148
209821059
209823201
209823253
209823256
209823233
209823263
209823393
209823386
209821338
209823452
209822863
209823189
209823464
209821413
209821365
209821558
209821472
209821539
209821582
209823621
209821525
209823636
209823678
209821914
209823687
209821966
209821990
209822202
209823813
209822441
209823857
209823943
209823881
209823897
209823932
209824056
209824030
209824068
209824048
209824026
209824036
209824023
209822633
209824099
209824130
209824148
209824222
209824297
209822987
209824424
209823409
209824593
209824624
209824733
209824744
209824618
209824807
209823430
209824838
209824843
209824950
209824923
209824890
209825015
209823469
209824958
209824944
209825005
209824972
209825036
209825164
209823490
209825218
209825224
209825212
209825222
209825225
209825221
209825260
209825296
209825287
209823700
209825345
209823683
209774692
209823741
209823809
209823848
209823866
209823918
209823902
209823885
209771437
209824045
209824080
209826045
209826107
209826071
209826138
209826166
209826037
209826165
209826090
209825836
209771875
209824423
209826167
209826330
209826149
209826158
209826329
209826646
209826695
209826805
209826766
209826869
209826887
209826925
209826962
209826955
209826990
209826937
209827070
209827054
209827050
209827053
209827057
209827051
209825114
209827160
209825372
209827206
209827321
209827249
209827362
209827414
209827429
209827440
209827520
209825505
209827742
209827782
209827735
209827836
209825532
209827986
209828003
209827952
209827988
209827987
209828045
209828065
209828292
209828397
209828270
209828407
209828406
209826047
209828369
209828454
209828445
209828499
209826267
209828600
209828550
209828731
209826411
209828813
209828974
209828940
209826663
209826679
209826681
209829119
209829141
209826823
209829235
209826786
209829281
209829319
209829322
209829398
209829476
209826213
209826215
209827044
209826307
209829270
209827041
209827158
209829549
209829421
209829631
209827048
209827333
209827305
209827224
209827324
209827350
209827286
209829682
209829796
209830049
209827566
209830260
209826913
209830376
209830373
209830374
209827620
209830422
209830399
209827627
209830453
209827593
209830474
209830587
209827696
209830679
209830724
209830749
209830879
209830901
209827906
209827796
209828222
209831145
209828050
209831131
209828421
209831398
209828487
209831465
209831412
209828418
209828491
209831478
209831495
209828675
209831563
209828509
209828516
209831616
209828827
209831642
209831789
209831795
209831777
209831792
209831855
209831932
209831950
209831970
209832315
209828998
209828970
209832403
209832397
209829002
209832406
209832396
209832450
209832493
209832469
209829432
209829340
209832585
209829361
209829304
209832482
209829650
209832919
209829555
209832723
209832888
209832716
209832834
209833045
209832760
209829782
209833118
209833033
209832724
209829859
209830326
209833663
209833300
209833364
209833714
209833674
209833243
209830903
209833761
209833850
209830265
209833867
209833521
209833693
209830572
209833621
209831113
209833957
209833961
209831283
209831569
209830699
209830577
209830703
209830962
209834184
209831104
209830971
209831177
209831945
209831248
209834477
209831407
209834574
209832708
209831502
209832692
209834642
209833052
209833058
209833451
209835062
209834999
209835214
209835195
209835213
209835265
209835375
209835211
209835355
209835371
209835364
209832306
209835370
209832405
209833907
209835512
209835506
209835487
209835377
209835521
209833919
209835538
209835549
209835524
209835531
209835610
209835635
209835618
209832454
209834276
209835697
209834331
209832584
209832591
209832618
209832726
209835828
209835041
209835948
209835953
209835974
209836012
209835516
209833071
209835673
209833053
209836230
209836223
209836286
209833068
209836238
209836283
209833373
209833388
209833508
209836383
209833506
209836588
209836577
209833657
209836550
209836595
209836597
209836623
209836629
209836638
209836712
209837000
209836830
209836837
209783356
209833767
209833906
209791626
209771876
209774691
209834013
209837663
209837736
209836737
209796027
209837627
209838235
209814525
209834599
209834589
209838333
209837022
209836988
209834660
209838330
209834823
209838356
209834899
209838590
209838633
209838645
209835008
209838635
209838668
209838860
209835508
209835541
209835865
209835811
209835796
209835860
209835883
209835981
209839163
209839141
209839260
209839353
209836098
209838162
209839541
209839607
209839644
209839642
209839665
209839627
209839625
209836601
209839736
209836713
209839744
209836585
209836566
209838403
209837692
209837180
209837732
209837567
209837795
209840197
209840182
209839740
209838071
209837622
209838137
209840206
209838226
209838305
209838431
209838560
209840362
209838692
209838905
209838912
209840454
209840472
209840518
209840576
209839160
209839092
209839174
209840598
209839190
209839195
209839492
209839502
209839547
209839602
209839685
209840738
209840771
209840770
209839752
209840766
209840074
209840792
209840793
209840087
209840062
209840057
209840130
209840186
209840200
209840416
209840432
209840901
209840469
209840449
209840515
209840549
209840574
209840913
209840789
209840947
209841144
209840909
209841108
209841162
209841159
209840997
209841160
209841279
209841264
209841326
209841355
209841356
209841314
209841366
209841338
209841413
209841545
209841547
209841595
209841599
209841746
209841945
209841973
209842276
209842043
209842026
209842232
209842615
209842583
209842236
209842262
209842338
209843102
209842458
209843181
209842633
209842780
209842830
209842675
209842746
209842747
209842986
209842802
209843153
209842525
209842817
209843036
209842846
209842792
209842412
209843044
209842831
209842864
209843367
209843382
209843578
209843671
209843730
209843783
209843736
209843866
209843861
209844070
209844157
209844314
209843956
209844402
209844464
209844408
209844087
209844786
209844328
209844473
209844883
209844696
209844701
209844626
209845007
209845115
209845098
209844806
209845079
209845081
209845266
209845267
209845262
209845259
209845484
209845481
209845395
209845646
209845866
209845770
209846453
209845769
209845661
209846460
209846826
209847055
209847225
209847355
209846963
209847473
209846953
209847506
209847523
209847029
209847580
209847556
209847038
209847100
209847568
209847768
209847095
209847177
209847818
209847863
209847535
209847972
209848024
209847690
209847897
209847931
209847953
209848194
209848229
209848041
209848192
209848042
209848223
209848939
209848288
209848333
209849117
209848399
209848294
209848473
209849119
209848470
209848649
209849406
209848929
209849491
209849483
209849650
209849685
209849477
209849652
209849871
209849907
209849877
209849862
209849992
209850066
209850150
209850183
209850349
209850151
209850546
209850668
209851157
209851196
209851428
209851504