207843611
184329857
184328706
184030880
183830906
173566019
200946335
201086742
208191117
208167105
208215368
204215757
204257627
198892998
207846457
207964972
207968769
207843616
180766108
191182794
199433251
199407085
170309046
170267407
169868574
203691727
207846449
207973621
199379842
207843615
207964968
207973675
197413857
197303820
203457108
179326727
182797857
177765379
175296273
169394343
168919960
191073373
191045058
190935403
191318390
179384726
208079763
208082499
202481936
175866267
175782894
175555310
175296227
206316357
206377819
205436861
205438396
168282588
184929630
202066223
202065402
201286432
201179943
201283718
201178245
199942877
208303125
178059445
176357818
176392464
202966577
178489399
189315330
189409035
184360598
184392195
183911268
196109570
198561425
178730155
178741609
208134546
208234417
208122280
178366701
196798997
206218811
167859338
196673739
196034600
206145754
190574305
181236870
181195675
183569551
184822984
194602227
206712932
198762932
198887477
205235345
196059488
169768659
169161156
181097903
181035875
197931572
193566391
191054181
190692081
190648466
190517924
190433186
190465889
169123556
175720407
175677086
175712743
181423102
181433098
181341287
169088161
169634486
169633491
198035788
201720600
188984459
186771394
186745752
198954145
198939846
192483753
192407405
184425128
184459238
181015216
181115669
180995339
204094125
204122926
204247062
174049410
167799004
198108578
198110596
206694271
183479827
208518663
169676795
170923088
169602787
169742952
193465564
196784328
171559572
183351951
189481085
175487735
175537054
202401296
202503974
189040784
187492644
187492110
186420717
186483236
186491297
186423123
187756032
206678321
206677226
187620574
187642061
203926551
177596737
177647889
177067333
171732530
195080388
195206689
206762750
206433242
207327662
207318003
189903373
197490900
191574670
204768711
199128699
198492112
198464240
184489182
183138761
202600889
195292302
175181376
175060493
175085272
199057005
198982762
195308886
206104247
205827939
189481107
174692854
174650984
188311253
207457762
207316254
207343378
170617274
174510425
203349328
203159680
203155061
176981233
173713000
173624349
173609294
194348209
195062568
194395099
192857223
184339138
183170843
183335997
183156015
183169158
178785835
175601429
175518701
175537150
175586794
179943571
205656385
204803303
196868197
196232746
170619709
176072764
197274960
179441335
193519118
193509592
200329348
180220083
181335518
181339228
182350350
174143780
197110105
197079028
196696497
169919214
169573516
169910971
188989714
175599587
204049497
203916181
203892881
199420285
199551008
199392138
194158785
169644554
169406849
178324703
179674609
179777770
178295146
203161079
197346485
206543152
206428082
196806199
202941933
195603278
194631231
194112249
207397409
207450777
207434613
206351022
206345644
206367914
196874478
196823541
197082402
197057108
178843403
178785696
204888382
204862291
204345183
208527338
193220279
185347909
181163556
181159876
181830325
168590856
204152895
203305854
200914382
200819816
173941343
172757375
173941505
172706994
188487970
188546291
181663501
191721902
191827286
179557960
178907721
175286132
175271063
170409186
197616449
188552489
188487994
194516713
186363274
188548768
188487877
191126106
186358405
192435115
191901505
180305179
207316250
207343395
196414575
196283675
205820749
186690238
186056520
171627135
194247117
184873078
172902051
172549195
172548846
177294992
177280057
206919880
202647624
202761788
202681221
193598580
192075069
173060831
173119627
173960099
208741288
178229190
178208292
197423812
197128771
170619685
206351029
207035227
207024259
206301886
206312861
207357213
207402096
190229647
190210292
184404490
184392603
194314944
206204504
176874593
176865852
176227265
207739457
192673912
193168468
178467698
172884445
172879889
172881087
172410954
176906708
188974411
175187509
196576876
195517992
195455197
191403126
179484767
179283233
187213980
189354335
188816407
204551570
207493480
183054358
177099334
179538695
173838006
180325852
185267796
189419996
184570837
174962847
174834819
174838340
175411631
174845023
189316355
189409173
198030629
192421663
193044390
192398929
193051129
205676984
203131079
203160510
203068545
208638982
190211005
190229640
195401726
195934808
206096708
206048619
190061502
184009011
184001317
184173544
201123687
180679538
180707186
180668672
179895778
170037101
189603502
208749351
208721760
198796499
196014821
195971823
195433023
195468028
179869589
170481162
170452522
208293763
207900660
175026006
174905128
174958900
208523862
207422780
208114079
198517587
198542813
170481170
170451233
198716465
191066947
186648324
192459515
199347488
202571916
183650065
207939925
171966676
171944973
206529155
185094650
194044441
194955020
185094683
197118751
196414445
196373907
196396555
176168741
169304724
169201837
188358418
188663983
196757803
196424697
196385029
173641489
173628313
191024328
190949246
173432074
173337123
173448548
189291194
203176361
179835637
179384853
176906713
177159428
187754797
190416702
189899737
189971023
206935326
207332905
207365316
206891293
206905793
180708957
198535031
171261992
168118069
168174363
169613645
170617859
198751973
198773004
167813793
177590323
179636176
194195158
193849235
194205411
193957425
193850318
207178172
206357738
206297571
206258920
169654495
178799359
178843412
170094776
167821200
170198268
181115663
181098269
181075653
207718356
185319389
190374510
190325704
204897498
202719819
185159270
178208263
178229156
184331381
184237839
184225182
196161086
192629165
201745048
205779568
184046724
187101588
187068828
202758935
202758502
202760776
174166607
180368273
176624455
176476277
175682005
187260602
184417427
173544534
204882322
203388349
178803417
178843437
192861383
181920354
193766233
208643351
208695349
204812477
173217771
173231984
169369598
187731240
187683866
187642841
185267722
204953088
204952642
204541659
201499905
201371223
207588199
207606091
207255738
207152360
206707951
206704833
174862542
174850448
174880135
201712854
202396665
202407971
187184833
177942750
183704166
183686924
189481304
184570865
193929336
207365321
207413487
207357215
206975746
206923994
196020927
170481165
170452532
203128908
182491173
182555341
182431155
182130903
171908718
172469761
190521148
190431259
171650378
170627505
170571147
169679349
171942328
178748915
175282507
188481648
182152015
205229429
169195150
168381343
167489849
193519173
193636222
170616688
170616587
169335342
201615963
198669685
208642654
207202307
206790680
206698988
206704823
175273922
175262370
188258490
169998701
192905412
203170235
179190628
177328301
177141258
176800076
176817091
208751905
185270007
185267697
187330085
177316146
176565558
178785731
178843406
206376533
182505442
182523647
198050008
196702940
201745860
173649885
203171030
177556282
177551211
206684340
206473777
204126799
204177810
198517597
198546836
181585961
180927525
180945004
181534876
180927703
198562599
198561376
198366969
197863878
193583396
193637115
182596788
202285864
188601611
206997994
206053996
206916277
206052203
206032231
186867644
186473602
197243294
184658155
184573833
181051182
181053006
205205748
205152119
205042308
208733448
200395189
200407031
206257150
206321117
206265258
205818509
205782179
188054785
187579703
187573203
175989772
187024314
177413208
177330053
190572855
190325715
190374494
205421422
205240424
205280305
208384777
208414035
188423626
192206559
197383296
206024205
206024077
194202777
183487077
183487031
206323940
207588192
186793711
181534823
180927643
204470414
176416461
176375725
208416964
208384773
202776142
202807154
181446995
180931394
180928066
174734597
174765628
206321239
206265249
205743579
195402956
200235193
199479164
200254167
199507983
195823340
197303835
178941815
179343714
178708635
184357860
184355162
184031956
181493263
180927558
177172615
172595649
200407046
199693330
206836264
170617334
180250944
180114271
180071866
179432267
179359128
179431826
203004452
195715116
187618307
187616763
207365330
207357211
206936495
206975710
185579926
184794299
184778612
175094608
195164473
183479801
180507956
208063270
208217072
207643346
207614020
208058952
206997991
206898155
205977194
206957180
205945198
206023920
193443820
200955980
201336497
201333240
168181450
201336500
201333246
207430642
207385019
200226526
195057394
194400920
194461608
171827406
195041071
194923277
173356192
173305212
172582727
172499704
172561710
168512432
168362006
194981406
195041113
191584457
186256868
185785189
185786827
202394562
188530137
188521231
188122264
200829399
185804289
185851737
191024039
190984126
186392507
186475093
189557564
189529692
205042316
205205747
205152004
170616628
191512372
195150162
178141156
176627722
175788355
169059617
168519055
208585904
208588115
205556894
170616626
184557974
180015158
177194278
177129504
176479220
198116178
198082163
197657977
197737950
197696675
198084358
185811315
185851768
201957771
201957774
205137986
176276774
175888608
190379053
198775412
185825084
185875629
185824287
181888348
176809913
176131881
179402099
202640134
178555557
178066126
181062219
180367754
175874909
175769964
175751178
187644987
203424680
197980212
197802617
194776167
199925447
200078374
193199954
195869969
195845973
195840870
171629227
171641655
177050893
169195341
198607116
199361150
177840430
176586375
176577719
190542878
190047138
170617304
197613797
197094945
173054001
197614043
197094942
197668908
195700483
199171689
197586416
176519693
176612325
194323107
193863702
197613829
197094944
186068168
186659713
186140535
174606633
174614948
203224565
196896215
195202176
196119350
177627066
177610911
196566125
196317085
200301414
197472861
170616828
192164189
175159605
173854685
200209621
200193282
195954000
189557512
189537876
195019274
194920827
177805329
208289790
200275059
200448979
179355337
179112245
197800637
196161169
195362910
195362289
200385834
184781270
199110691
170004167
190379077
190374484
203745996
203798276
196103715
195600971
199007299
199042231
199056379
181097137
181033105
205080761
205101824
204582957
204581188
206244060
185094737
204422340
205104363
204300126
174662344
193509621
193515653
195869351
195041082
194971890
192838175
192920415
189658508
189710686
178750691
195953983
178577788
184578182
170281093
170095382
183583413
183297634
183173198
183199969
183578960
200471724
184046773
206300822
206244053
198407219
198395574
193519130
193636689
193509134
200188772
174005571
199468433
197964849
181844476
181798891
181331143
181353054
170617196
186810039
186232815
188288854
187641766
181244306
174006965
171812009
171480855
194582392
202093861
180105695
179501719
179480518
196086506
195579919
201834174
201829707
201217416
201817163
185136513
196711998
196065450
181737865
181731540
181694669
181681971
181689907
181511417
208650445
198850178
198799340
198391891
192802922
192821032
174009603
198774885
198790568
202052986
198789346
198454052
198418323
198415630
198791334
196397465
201552143
187776018
180988987
181010316
190317229
189679148
175246579
189148235
189256697
172568115
172546503
192688299
190807155
168529519
178871310
178220174
198777280
180067586
180696111
180101072
180649492
194692566
194084331
195145539
194807281
187862658
187815636
181369556
181392420
180869671
180875290
195845723
189888498
190913232
190297266
207511134
190138723
190229671
187781888
182514167
180690496
180667552
182824878
183583447
191917862
182693129
187633703
182397855
181770195
181860290
195720720
196248171
204222776
178191006
203173775
180046169
180942790
180493361
194972812
194996558
195607559
176938911
176875986
175984144
189409159
189303027
177197148
177227337
188455589
188431281
208253035
207872830
189559971
189496261
205210087
205144283
180893511
182729101
196306526
195703151
195595105
198094935
198070618
207860657
207893657
187047851
186930598
186951304
207606137
206376547
185277749
184619344
184630961
185278770
184143503
182427673
182893863
182885277
182414397
182883397
201009377
180039677
180026103
184946525
184914532
172528370
172360142
172357669
188481787
188480874
187800698
179093849
179466323
197744480
197626325
208385173
188481766
188480853
196125115
195356799
195453624
185155523
184612866
185175394
184617689
186099817
186101311
186069771
176525276
176065129
176579862
176064493
179753227
179274669
171842855
200310538
200338533
206171098
189107489
183399908
198617750
172529772
172796491
183075160
182948424
182073838
182056456
205235347
183583492
198352720
196236686
174752432
174778553
177918405
177926760
177486177
177486291
176459838
176787688
176239912
170616679
195202169
195855084
180649501
204722563
204742665
204034687
204051764
204028887
199382816
199268688
199227444
206244069
205455259
205454951
192725337
186952370
186924171
190156491
189814248
196293487
196754491
196264859
190984061
191024051
206171096
174009663
175772244
202942495
202896419
202413008
173640900
173654406
174649495
188880688
181984847
176345172
175966668
170617211
205653918
196730276
196723640
194704771
204104857
185879802
185813612
194804172
190750282
174883886
174351686
191024311
190949205
180638009
180100839
180095928
180066581
180656230
182152006
181393025
181398986
206244065
205708261
202912099
201389119
188366686
188361533
187610001
174650944
194099548
180946452
181553041
185922949
185955181
197590208
200900268
196944904
196364286
200741572
200634179
200701927
200248884
191953015
205074968
207790104
207781709
205708355
191088873
202942490
202896423
202413002
175456513
190995349
190885388
203682413
187638052
187620542
183031507
195179736
194821549
194356039
170617193
176070239
171298504
171047689
193633961
174609063
174590573
174548169
174189503
174189052
208413495
207966173
208385642
208678236
199074258
199107000
205710470
191023946
190925149
191776523
191828336
191147914
206244068
181303906
180869571
186988672
186964078
186962688
186264197
186259781
176525334
176492577
176064503
176065146
208583525
168403572
168405008
202674868
179845833
206710614
198090986
190922199
178026398
169977521
169951217
169405015
169410710
201797348
196576717
186914597
185107148
177082428
177445796
177478182
183294044
178089268
177355643
185551876
190155635
192432761
208222080
171220794
171511948
197914282
197178247
197175329
197282941
202678981
182606904
182515922
182094215
182020392
182011557
170616595
193493520
193417399
194936679
191901476
208192508
200757437
193552556
193431530
193009893
193117948
182437052
178470214
177165144
176884666
176855646
198791767
198945229
197525738
178849741
190198852
200103920
207699373
196196016
204289456
204289457
204289455
204272701
180108128
184647940
205979104
205226283
205381081
178760584
205101823
205022501
204693810
204547397
205145952
187547748
189167630
189179216
189127854
188518203
208308873
207815691
170923435
171132547
193848679
192639168
192600181
192149750
192188587
206852674
184675379
184137749
184138281
193986113
191781442
191763923
191385525
191383741
195700886
195683490
171752702
177257400
177373424
175814344
175812034
175871460
178006567
178013357
177285564
189171375
189157953
188571586
188534017
188529399
207335577
187349871
187441573
168689319
196002277
175865240
177124025
176795207
176846336
177175871
195052955
194434269
200308443
200173621
199181337
199179815
203203712
203199006
202617199
203418148
180222563
205661859
190793240
190859664
190231626
191183308
196382665
192432648
167930648
177461631
185914075
185953992
185929851
167815778
192580599
192255729
192222042
192558003
174615680
174364384
208247163
208277620
198899757
193351664
177812691
177752785
177326441
177333130
195055885
194461987
191149028
191105862
190523828
190484226
199284325
207981281
207936073
207312593
179254059
199497239
199461352
199551001
179918421
179263406
175871710
175583317
177783913
196582545
196059502
195872219
195947845
200697354
203432667
171124262
170915908
189157962
189173140
182073813
182041861
196086590
195606235
175052487
191155585
182843176
182929579
182842624
167930615
184413553
178822869
178433378
178412199
200942116
201328160
203888276
181586680
190936246
190676671
190606609
183175653
183317194
181534142
168405028
178901822
187755187
187687591
168690145
177127950
177187642
176847873
176808442
195104466
195206755
187663611
196985286
196276563
196273287
168685978
181611401
181598982
195989987
196055196
183120181
175988884
194393344
194490501
175720710
175691000
208351201
187756695
187683902
187642857
178491748
176932221
176934306
177326392
177263193
174246987
174242823
173780135
176843233
178465091
176875441
177462140
176850301
177467236
205010657
205069915
204398812
198047646
175904969
176382201
175945036
176331072
202049806
195617310
193473811
190630602
185346534
185253562
185007316
184755431
184683048
184630865
176727797
177254206
176693839
192023436
192051075
192564171
208554717
208540210
208581648
208590195
178267537
178228333
176609878
176529403
206139747
202839725
181151541
179251251
205687208
184435185
183762554
184970038
182528284
182524693
181916441
181860375
176356668
175924226
203987869
202938608
188803797
179587152
175571243
174182191
174145856
198342787
186934094
186457745
207559560
204289462
204275283
204289464
208362155
207957364
197946971
197638636
180157260
196368080
196870215
196368028
204646311
203805477
188796939
203675630
202916835
202921580
208597677
190964105
198051113
195608856
195214469
195261877
175867678
195939834
192868677
184573926
193891942
185048072
178186428
176795084
177117458
176907508
182193275
182226582
188421585
188297629
181917454
181870627
181525954
181515117
187639796
195885974
195855297
191636602
191631458
191268164
191229126
186126047
185399721
185389156
184457375
184444568
184092095
184085174
178045420
200515992
199510847
195905517
195966301
192397867
192019027
192392261
192023619
192017602
191498532
191496093
190989330
191006538
170617913
189991655
190528171
190485770
195021853
193771725
175310098
194385989
199335517
199259229
197433149
171258750
168083194
170756246
187006142
193887520
192447022
192493245
182351386
182377707
182648060
182764095
196422794
196322657
192432736
179652998
204694294
204591510
199772411
199746016
199743596
197676919
188717840
204261584
202958711
202926999
202872188
202397037
202512137
202398334
184211747
184189752
184524565
183566807
184202427
170616678
178571919
178400545
177962534
177876124
190128488
189831931
189834223
174780120
174767484
174451921
186738593
184091140
206098159
189257551
189130715
205646882
206377818
205645242
193023539
187434719
186977368
186977641
192624711
192605108
192033160
192034357
177152604
176808562
193138005
193809933
189279193
188950568
188963010
189347273
193809945
207152365
171132555
170897315
180667532
180706034
170868326
172009263
172024963
171597179
171580255
201219893
193026407
183282563
193986493
191787070
191768210
191507657
191383846
191381188
208162550
183555655
183509247
183173043
183170614
174871179
174738240
193043313
191655078
196059490
195477041
188170109
182560239
182212828
182218601
198920337
198203426
193985516
191507661
191383815
191380994
190857719
190831465
185508511
178699484
174650773
174640159
174268580
174268099
176798165
206097961
206909593
188463992
188079596
201779556
201340463
199625781
200697373
198694256
195211825
194613047
194777635
184199456
183858732
183901321
180210571
179623087
179625732
177203035
208264011
207908998
191519717
191152778
191123696
191522365
195963285
193967862
174068955
174055538
173916764
205664020
205660163
181618856
200195926
200217187
199682448
199667162
203196760
196070857
195591883
176259450
176221772
176891634
193986408
192169576
191914521
191981602
191893127
191495597
169540713
178561829
171479897
171746733
184571235
170616646
180520331
178845240
178843408
178748221
182466868
191287034
191315107
191506474
199808689
194802629
188300653
185931476
185460667
185425573
185251147
195296946
193544391
193001584
204888605
193607762
201029345
189528751
190139989
187269508
187230212
187644894
187611048
176572164
176537664
176512696
177184018
177187716
181916714
181920455
182427456
182416247
175865637
177970134
177931903
179115631
179339618
177365641
177362911
177839277
177809204
181310107
181180616
180102213
180396484
199841990
183589672
184352020
184199417
183858724
183901270
175865307
177202909
170619652
207350595
203031968
175865450
198934133
197422402
197416126
193981737
194484388
174640105
174636540
174225369
174251922
182491757
178275092
178242203
178396265
178347629
178222498
167724586
182709166
181704459
182709543
207113933
206232278
206215797
206210513
176152278
175669497
191761051
190886601
190801014
190572735
190503582
190458260
169694400
197920044
191287606
169988917
169938656
167508970
167537999
167529352
169936290
169938673
173954367
179804892
179861144
201016552
196785050
178565274
181445890
193880632
192609206
192257229
192158169
192566021
180056726
177431084
177256607
191089134
191564775
197306345
195571070
194326480
193827427
193803812
178609042
208255823
208760102
192418024
203390892
191801531
200515728
182034951
182064145
181611393
181598979
203777575
176891699
176259462
176221975
206253587
199568004
191566691
191271779
191234509
177915880
179274810
179494722
178335327
177904120
182834852
199461288
199486447
199461220
185852215
178006439
188654260
184970266
183801207
183152130
183151666
189934412
189447825
206914132
203454624
203526436
170616605
195667910
191336690
191629684
197860692
192730158
168260782
174999042
174737008
174731033
175221421
174815985
174813084
186529847
180676708
180716554
181021264
178381603
189815235
184246208
183699326
183707809
172846146
172862488
168556965
203239344
198183204
205664034
205673526
190379097
208485328
202847941
197447581
181458355
188129799
188111781
187515943
188129850
188114144
187517991
175866005
188654278
204959781
204998054
174251911
174225381
200014475
198808250
198808558
198804417
198095457
205205238
205137404
205017785
175865536
182243617
182156643
182137870
187752737
171139381
167856765
167929959
169002713
187506176
187196618
189647715
173643068
184766604
184818039
184630940
184675373
207234792
206634560
207189891
181078067
187740478
185955980
185914100
205057969
205025469
206463722
193450248
192916538
192913582
193439453
198046575
198060823
197348006
197287849
198873192
207617336
207624783
190972023
185954050
185938154
185929868
185624684
185603919
187173257
187144154
196230179
196117385
191780752
191728824
191416204
203943171
203982506
204049510
196427561
187515875
188109932
179347106
207485563
207306957
170617890
181703615
179106586
177777937
177957775
179086431
177777011
208130641
193904063
194153433
189347134
188957671
188973113
189341911
205663983
205660167
175865783
196560237
170616623
196754450
196314130
192190692
179592234
179068937
179073430
179615503
193011235
193054270
178178907
207330906
207014271
206965455
206961873
208257217
172220951
208396804
183258917
205673486
205664048
178233210
178256966
176529437
176609791
170619918
201024099
201815045
201019254
201019282
207138103
207117627
172769623
175221746
175174362
175104838
174941711
206265272
204547394
204552992
179388623
179657119
179408319
197881388
198560600
191134412
190697628
193276905
193959663
189817799
190379089
189850504
190356753
207756192
191496363
191004242
190941940
191496522
181757049
180909633
202795999
178571883
178376617
178245022
191845609
192616476
188946264
188949175
188323305
188334679
182334547
181069111
191760904
176244082
175309932
188645576
188717833
185660138
185578789
185560156
185936031
185898559
205660153
205665044
200157294
199551292
185361272
182540019
182534808
182326129
194434730
191004607
190989374
193985515
192295490
191496457
191486387
170112283
169811698
198084785
198073301
181351612
198873206
198893705
173091704
172343762
170619614
208106777
208086993
186008635
185995814
185324105
185972216
175958167
179643783
179615510
184079520
175919879
178886629
191084905
197433173
168672443
168653959
167599977
167719160
179620813
179741276
179136580
179112061
179132495
202912104
201389099
177530061
206638102
184970244
183732255
183776505
183521514
182836480
182833957
182844196
190163786
190162014
189843779
189831991
173804111
173616798
173693676
169481094
186138978
199872359
189531507
189149669
176981353
176500794
176474279
207907719
207668746
193275744
180262501
202679024
198952210
198950679
175865710
170617178
202199321
186484870
202181459
175865310
203499153
183830442
171395514
171398459
171070926
195132404
194260926
201871364
201185511
179613890
178066277
196595319
196578934
203873565
203317020
186600690
206024189
198070699
198106358
184900109
175866000
182019254
188221003
183919467
183760688
182514194
182478577
181920443
181949730
208025157
202795323
178161936
182714789
182709130
181714365
181708577
200130663
200785137
178256974
177314324
177375183
178230981
189235286
188507171
189235108
206059644
206013313
206024186
205322415
205376354
206020461
207861521
168954110
178040359
188667735
206832186
206827165
178256952
178230567
176609070
176529320
174445359
173065849
189771909
203987856
203475812
174419733
194189339
180924690
184452416
184380390
184045971
184026649
184627818
201979521
200502524
179484886
180531283
179448198
179451735
169891872
181190220
175940942
172135268
173065869
174445414
176401122
193423103
189961182
189317481
189964844
208097887
203276665
202178774
171512689
171143752
171139313
208280874
208270659
206836093
168361310
198604209
197956153
177914061
175865443
203270724
178052082
178055236
178013499
181833883
181807199
191826331
204419091
202082649
203055678
201555467
197305366
193835314
191675966
189710983
189626638
172988220
172714647
189960687
189524835
189521759
177224499
176451249
170619664
207624776
207617340
188525836
195753350
168238588
192421618
191655098
191595233
171620929
193723670
186304542
185741173
194746692
194102585
194710871
194112687
194128363
178574812
181447558
181833561
179572700
201254141
200084546
199492520
200053993
189060036
189075935
177192663
200817306
198060477
197502434
198042484
198163659
198145563
189967225
189878553
182464746
181467950
194569828
175865432
180999040
179846376
180269206
180303715
198845609
193606868
186851439
198783944
198774812
190387237
190385493
189761171
194226529
194208655
193859926
180622532
180322083
179555947
179446666
181927837
202498712
202388030
202477886
187574073
184499898
182858438
182803683
182735553
182096648
182073847
182101534
191558915
190759457
200712196
196349173
196344753
186528106
186526568
185985077
185990926
194779986
188030413
187755596
175091552
184970205
183495870
182896602
182875599
204591775
190327198
175865775
191506910
181729814
176798371
180785146
180541223
179486617
179446700
178286805
178300312
178852282
175104791
174941642
175221694
175169066
181927843
201016528
204909458
203760995
196044891
196001559
172803016
170618944
180384396
176120316
175870091
175675477
175651671
206826842
170616618
176817501
194838931
179642740
179613908
174801198
174376175
171258984
169905975
170021353
169359028
169905607
197325442
171588157
182695047
179012628
178935918
178973979
207093130
207857236
207092812
169217374
169045965
168284303
202400906
198105246
198107901
194390031
190963754
185579900
185568028
185562681
186124471
185988912
185954643
190535653
178239631
179225894
179213815
178730754
178222100
203284869
203848799
184026587
184379273
181927850
180526038
179486620
179446642
180781966
180547102
179451295
179480450
179448225
179402324
179373028
204356059
187777543
193057013
192534522
192448533
192441142
171745466
168882438
168418809
184964114
184959418
183878066
197652868
193687223
191399131
191391789
185561048
181410504
181589049
181927832
177551497
196144352
195562178
195445024
195575370
191588971
192185957
191842586
192400309
179755843
182035279
169367861
202158585
194030321
193680003
201224940
199913065
187490927
187494532
187112969
187073403
188397997
186874438
186820213
189176147
187821191
190294427
189774098
207564402
198273140
192607785
192541216
188818904
196352117
188811732
189195873
187824244
189233041
196687471
192677510
193930809
185929891
199496897
179069149
167497222
195773087
193418323
193045562
193058080
204107447
204853400
195997301
196703791
195991572
181690442
180052857
174452848
180325325
199350032
196044874
195914179
195963492
171937130
171933276
168519995
168514278
168497305
173732402
185869312
188525776
188521466
188168814
188137335
188119826
183913498
183727632
181228296
175867994
184487070
184504587
181927841
200793423
181065966
178182491
178177146
177314590
188135309
178665988
177829824
189036771
187881450
187886423
188525738
192454868
190183431
200757818
185931459
185459664
185251155
180420936
169766185
205826251
205818622
205800823
204610599
204577964
192984856
188480745
188548531
204545404
176857523
177918407
176856800
206377822
206018164
205646883
188110408
187515745
182310044
182283731
194013390
194015989
193602286
193591027
188613811
188611919
187836504
170619634
201815047
201791088
183968737
176195163
176897121
176817920
176201906
185045288
184847213
182062162
182059160
197433165
179486618
180530179
179453455
207727333
207729791
179891211
179887701
180272476
180249893
184014146
200098417
203780453
203699742
203777130
199511315
199473686
199431262
187824362
198971661
199052966
196675151
186735200
190919130
190936343
190575953
190556068
185149325
190048499
168191910
198901080
192683334
189289215
188917459
207944339
168032937
195114251
191934660
175877379
171118710
169510310
169530111
169193490
167933033
204797383
185616547
176031086
173286452
172700844
177803789
175792422
175818855
185568010
185580139
185603676
185929878
185936046
185681910
176397072
175870103
179509862
178643297
176221249
176213440
176183183
177287528
176908331
178172921
176868709
203789221
198514795
198003776
198018861
188481741
188453536
187930610
207350092
207437421
208273195
185091595
167816573
201188298
200223035
200772668
200225772
179507108
178648586
176182363
176221890
176221202
185177748
185177774
184948786
183865835
171900809
171916009
198980719
176566186
179901424
179459413
199957471
181071409
178175731
178177508
191556309
192337633
191895767
191901667
184994317
178121942
178116849
176510224
175633253
178196391
178108883
178130201
177775898
177768198
203891305
199432489
192729279
193631118
193409876
195206322
195106760
199414252
199464551
203482858
196809483
196812493
196818889
197234513
188424566
185787761
185781793
187280097
190983550
190941944
190643312
190611327
174759730
197758177
198225406
197782792
197764162
198249541
194738421
195084278
194734923
197297849
197479890
194134633
194127664
191588953
192185935
196318292
186928515
201306550
200794881
180317181
198950525
198259395
198230185
206338822
199149246
200884738
183077773
184182160
183811906
182908230
182870476
182867318
194345109
194207834
191069227
191057176
192325566
192320449
192033138
191895795
187648946
187881887
186866947
186802154
171318113
169079322
169048268
169676001
169690387
207554417
207610073
206983256
206990052
174364407
175052213
179127954
179862236
179619281
179119074
179086621
177827057
177515932
177466118
177712836
202878169
180105756
180087601
179735897
179739062
208131809
169050852
167873921
167898400
190218121
193453624
185045264
184826720
184022545
192216477
192274622
193880831
192592559
192557275
192609294
186392653
177821099
178388438
178407977
173739912
208765259
182909407
182828399
179887591
179887479
207958629
169766176
181849746
178884922
181846479
177265596
197237071
197101065
196068291
180318987
178212885
178211985
178197951
191818983
190723801
190727770
190377360
190296690
178746666
175627614
175659001
175620987
201376692
201356812
195078534
197924257
197539767
205040533
185384037
185322540
185317951
208287666
208324231
208261220
173457566
173524189
172900730
184826696
178885074
183068603
183036145
183036329
179609856
179586224
195104358
195074656
194737318
169464028
176645110
176776610
176256875
176221612
196298510
192199569
196601184
196298609
197088584
197057178
180780829
180547143
179453806
172647536
193384670
180928972
175930504
178125916
178068634
184684235
192559351
187574075
186736303
187277141
187523698
187383004
186724712
177596472
176256289
176222212
199029454
198995778
198107938
198104852
206827321
206825976
192729602
196246410
167814302
208675145
196549475
188967864
203360056
203267430
203285737
202810581
202400038
173121136
184098032
184077521
173028300
172793360
177469473
175221672
174943399
208562925
208519940
208518848
204002352
203980231
203938354
195284352
194538191
186846788
187560511
185046143
174911751
174644764
174481180
174480271
183526749
183495901
175865880
170619640
176846354
201224926
194029268
193679981
200996521
188622282
187131013
197193314
194612929
196659715
194621532
198838006
188646279
196447449
208558858
208548173
191681695
191681633
190182219
199734977
199284850
199754092
194323482
193609863
195843507
172204853
168239562
168235865
190865828
177828412
177517052
177712847
177466098
186839388
186774037
194788872
173932946
176441702
179381460
189438072
174946149
174872351
174677501
196625266
185949105
185844799
185947750
197634047
197583969
194127323
194126092
185250405
185504698
182003883
181498677
179887402
179887408
177554119
179507051
177548452
205524778
191632393
188545733
189218587
184002477
184450771
184396159
184023151
179685231
178318649
195808751
173947661
173960529
173595199
172275974
172261780
186075275
186073475
186129914
189485360
189471882
188947746
193515588
168996375
167936170
182066769
182018434
183377262
177884579
177858642
177428967
179092721
177145242
177141228
177160808
199831141
199950915
193861706
193051589
193117941
193515562
185319744
185629128
184936278
184630906
177548251
195760924
208301305
180396603
180319882
181348115
186050123
191040253
195240129
197080262
193515557
208244947
202184238
178257923
178250659
197869197
197280725
197310108
200983650
184956813
184956747
181350187
175221640
174815957
174976154
174812976
186138609
193907539
169766125
194442564
194710436
200755234
206013280
206044620
196745223
195285109
194707047
182721542
182819050
182723941
179586210
179575952
196276932
195356689
173829699
173222307
173214200
173214553
180914363
180912938
180354055
175392886
175391668
175389004
174745196
174775862
174444776
174435069
203711875
190143886
208525637
193103559
181068900
178182480
178175604
201624965
177950632
176768946
189180583
189635329
204704823
202441611
188920319
188906843
192351129
176882080
175870542
175810365
176722389
203168624
173835502
197340813
195298815
185353119
193519661
193509554
207439807
198309056
196088298
196075497
205650928
204787481
204787805
180252536
168022660
169167744
176934620
175902079
182339029
179288954
182006085
181483960
179887311
179887209
183067513
183036341
183036106
178648773
168036143
168939166
168959562
193515722
178457383
176855437
176885379
181323706
175221452
174813156
174981819
188114587
197549718
192202870
192478883
192270821
192297436
200830478
200781049
193439167
193436955
183583536
183578911
183199915
194729939
193475390
205890129
170511570
167827981
167722825
180216103
171122793
168964409
181927768
204352408
175022305
175022297
174815904
174815858
175022331
181905476
178090114
183698365
183495703
182906445
182840664
182834841
190413219
184189068
184568053
183912946
183773925
183761772
179592523
204917468
203760983
196044881
196001531
205305828
185159208
185113423
188909250
187054369
178043876
188501239
188320324
186088322
192497402
189567303
207856617
207093124
207092803
205040347
185322525
185317912
199086249
180237912
180231154
180237876
185125295
176602211
176548871
201043034
200214542
200214890
182427462
182416257
181920415
181889069
181057364
184650813
204923324
177479943
185291689
190432898
174289662
178011328
173155907
180189584
180787427
179752169
180677633
180192436
199257881
199669347
188935242
188379840
181325400
175221576
174813252
175022421
174981794
202908352
183737437
183731585
183706776
180828577
175870032
180101104
180678319
180067619
208170696
207490986
203135986
184189018
173088290
173071658
189384433
188984951
176391655
178483099
176944994
176941370
176430384
170348660
206361945
206357804
206320653
176415897
176416752
176381013
175942836
181447118
169188224
206166643
178197973
178193424
198992567
198112029
198087002
198107381
194914788
198012178
183075130
182951896
182073807
182056434
173932824
194457169
191683543
191675960
191302462
191316888
197305522
197378732
197377693
190722181
190301312
190296706
181974955
174406162
190974072
190428561
189005088
189004137
187574456
187563410
180649453
194442721
200247155
207246708
207217802
207205683
193791968
168403597
185778403
185761162
192351087
192389186
191603215
191640673
191587052
208575065
196817592
180823922
181345869
188208100
199433482
193351650
193352349
201669279
195843078
195812357
195835403
174803982
174429117
195240102
192023315
181767518
205369850
181468672
180789146
180675824
207635693
204845223
205051790
202899313
202861703
175870117
193678828
193887481
192948232
170393671
206505503
188906875
178045283
170619881
199697803
191541352
196696250
196360480
202992353
194128950
193464267
204376093
168288669
168275301
169743933
208061685
186403668
186401220
200858080
200830433
200781070
193460001
181910978
181879707
179615377
182311116
169393995
169366352
187642813
168405081
180714164
180710426
198971003
205137843
205013716
204693805
205101832
204569787
204569666
175868856
183939607
198041399
191004712
181730750
174981850
175221624
174812912
181323728
179594360
195976401
191080545
190422748
181079287
177613431
177664102
182427461
182414534
181889131
197346494
203480305
186161792
172779565
172811320
176769415
170029114
170321155
179119621
177051435
176706518
176741771
177021113
185958636
186603976
195575051
175463265
194654344
194170501
172782760
197658499
172539685
186784200
186752568
203135987
184188982
172503349
172495907
199759796
199765330
178830462
197060673
178704288
177665928
177600192
196992845
198057051
197302117
207650529
204292736
191408702
191402392
191401521
193439191
193437063
178958997
170359490
169699148
204055995
185422935
177224980
176894014
184547528
198404847
189312371
188962504
188954474
189338223
201142168
201142167
197376645
203982834
183061299
185784470
183437585
186958450
169766138
170624845
180401236
180395973
179994354
179950538
181461864
199042185
198557478
198584287
198537263
198533686
199017259
171283437
178814336
178083931
186054685
207498378
195000570
200983454
171921398
185558825
194392954
183412065
184834107
182571908
182565953
183983649
201134284
173841134
169874969
192577431
172855843
187241464
170105414
195760968
203641198
193291759
191404368
190923130
190925829
177561573
177637024
179451359
207301363
174611506
175246899
190422761
191633474
192405388
202511615
180733682
196745243
199422113
190258665
175434736
207461282
196074336
200950353
189885037
189336818
175785614
205359176
183859206
180217355
191169451
200409055
194717552
208078019
207383470
180064878
180077293
204458745
184832497
200317675
192427312
192403769
169542240
169529648
197342789
168584563
193239745
192776509
174065660
203249921
205088434
178948947
184008824
177117174
177107549
177104987
178893359
198032646
182414540
208623195
206880035
203274749
203437247
203269382
188777962
179119546
177021119
176817893
176201922
176915008
177350402
184270066
170560521
170584072
178893343
194116253
174108175
199420526
187156013
177811334
177783876
186987865
187020257
168755118
168724757
204263955
170318954
182770564
172474435
205221215
194955395
205105567
204694023
204589115
204632656
204581138
177734364
187019394
182510215
182845004
173867571
173890509
189777714
207304086
189711381
192840316
180710106
182034913
181973771
199815136
176167962
198741685
174284242
185763646
186698049
186716764
191429889
204468790
207670728
208280785
192142630
187909013
172372426
177339984
175556289
193599744
206382451
194353686
190746777
193641192
188163168
198503031
207269331
173242639
193613805
179695109
197059648
183115736
187310234
172904974
196918739
204813730
193667694
193674039
182280656
178409023
178393915
183911531
206605778
188407420
189197247
190235005
176198028
188616291
188617776
192157937
189197081
200776712
167571886
188471306
188402462
188511367
184513643
176565324
172152782
188403035
194376834
183449396
204372426
202457295
201176575
206475014
196389921
196328256
200600289
191542320
184790048
200335635
197512441
208273325
185267536
186746603
195391273
198744169
203191320
196193292
201391180
188617795
204401668
189197206
205928914
204296199
194729104
202926851
171381491
185785349
197063463
182126342
189467485
194920433
173884912
183231421
188763070
189306636
175751648
198042507
192924172
192939855
208480652
181606023
183742542
183711736
177054877
177096996
179062178
205229225
200982583
203249784
205585771
202192989
200744823
196931650
198604588
198986240
194958040
193811685
191855178
189663346
192912765
188098237
199350267
185898041
186257348
183547614
182327388
178310814
177489841
176886459
182264056
203322950
200569916
198732280
197823007
195803683
179581224
179592389
205756400
200819175
197065516
197043789
185977065
179268000
177644151
177644124
177638781
177638736
177644032
177638709
177638664
177635652
176013606
176016682
175535031
187335896
178808483
178810754
206702241
207757924
189610261
188382531
198628984
187053884
175721425
179220283
171945960
199825313
193936405
173281382
191327376
192570274
192738206
208172591
204123841
195620200
208172595
204824635
185329871
205696418
195614752
195605545
181936603
195749925
205027354
189423222
201373161
191532481
208192679
202402637
203451153
203435112
186815469
194209873
189197533
170112214
203951407
193864591
190586088
197836868
196639573
195070065
193728967
197585986
196073189
172269074
190904243
198445731
182376486
175415628
204998634
204590882
192353018
203901105
202233526
198276238
193088356
193998968
186173913
203947326
203958536
204824638
191013981
198963978
190113296
194317022
187929949
167962242
185045997
183247257
186728566
192355086
188156081
191274066
208288982
186896770
208311894
184885163
184885171
183294056
181589294
178089143
174482557
170619978
170617906
182547300
206853621
189864581
189857381
197607967
188891702
186030912
185649578
169596076
169590005
193326376
186503953
197291018
188975619
189020701
192647331
189508041
174492893
196086525
198554852
198677194
187054393
186017477
184794192
184683011
184789744
184619244
184545883
183550291
184157960
184531401
184155764
184545869
183104937
183632413
183689436
184155249
182885434
182898815
184130968
183221165
183526587
207623269
207643348
207651354
207037075
207037030
207035226
187778114
185708300
184822070
184619183
185297531
184683007
184766793
184790979
184237931
184230998
184157967
184222674
184155253
184155769
183897463
183872990
183858706
183787303
183660778
183632421
183101306
182690065
182685389
182348619
182377675
168281573
168285278
179733964
179764367
178666469
190791741
177866438
177173693
186783004
189237598
199700695
199320924
199282497
199193176
199320652
198529995
198584284
199217459
167823603
167887684
207450785
207344402
169810022
169809703
169788464
175189899
196176211
175488301
174981989
208132586
207874279
170123735
169518201
207214913
198101243
197549091
191997621
203508540
197872607
200995280
169487620
169527694
169529849
169182659
181927869
181947509
181519138
181410527
172376285
200330154
196942358
177382233
177349538
181487085
187176259
191949645
203564998
201398068
194139099
208307264
188796423
178861577
175157976
178806862
208313563
188789174
207678421
178655034
178598741
180842694
192428750
199309780
198491034
177904410
176558500
187118052
187129800
187164926
186344302
187174271
182473953
194678470
179173807
200683191
178185211
182744468
181752636
169811682
169810040
188137103
168567379
168684081
167714412
181726193
200257393
183812940
202031648
201078737
193690504
202116344
202011167
201120199
201109183
190808109
176812322
198271550
198315478
186469795
199945974
206898217
208205121
208079280
207857478
207675851
208083233
208194549
208228626
207216404
207038607
207423978
208154738
208215300
207288933
207242216
207195884
207479720
206985528
206983301
206962028
207416276
208481792
206955798
206923992
205743572
205394972
206906873
206905284
206819578
206412500
207288932
205752454
204724793
205728786
205094523
204515875
204509318
205298394
205663528
205348374
205298531
205354786
204473936
203426782
203415987
202354731
202527736
201509918
201509619
202024020
202175662
201282560
201134447
200768499
200379868
200768488
197911865
201140432
197842195
205298395
201156365
198598226
198604160
198598266
196109614
195775496
199561591
201157296
199055049
199187976
196693627
196210388
196166815
196125127
195317013
195700572
195316963
194730810
194305113
194210895
193983255
193594412
195316817
193479419
192991110
192510026
192217013
190408942
189492858
189826137
189778689
191269183
190312670
187941256
188793043
184725393
188824602
184556609
184710205
184541299
183343175
183687256
183340404
182305067
182436753
185746928
188796218
182287583
180677175
181143740
179072150
180726517
180680233
178250014
178516896
178209214
178269184
177584526
177132555
176012203
175972496
175978697
175861575
175296350
175296285
178202766
175293551
174816029
174800442
174851957
174125027
174137453
174070713
178144243
174036946
174049918
172758098
172762568
173035319
173060723
173075636
174070144
178202724
173977953
170342712
173857942
170299951
171372755
175227774
175096760
168547530
168601630
191712506
191735843
208124407
180074414
173150991
180048480
180065853
171978576
176938202
208102241
208096233
207204442
207603593
207598098
206116130
207192527
206026590
206005977
204533054
205113432
205094070
182231837
204571925
204537490
203416375
205179744
202641253
202639684
195602078
207660426
193891701
193048674
192920214
192891057
190463423
190567127
190436330
190128404
190425133
190126551
190031354
189983099
189985843
189985488
188975366
190031335
188945502
188943875
188109293
188099301
188095270
186991447
187034624
184639073
186986008
184581118
184575396
208502892
190027800
190025929
184013631
184012005
183690462
183665718
183263689
177454653
177470686
184046520
179579137
179440704
179605870
178474711
179406688
179414959
177492856
172668327
179425940
176868631
176855590
176839611
179611967
173504235
173532004
172884959
172888865
171576267
169602869
205219364
173493103
199465861
204390669
207341915
183471227
203415266
204719428
204596006
204398810
207355423
203431953
203539217
202307709
198081359
200762267
196868155
195487095
204601628
188959476
187879345
187173137
187147882
187136784
186100267
185812278
183218702
183006486
181877838
181843326
180262363
180262322
179174616
179111445
180262279
173284841
203415213
201918448
201897725
201875144
196991101
197021822
191793098
196629115
191757166
188085486
188063097
188057225
186068182
186116470
186064382
173082576
173107421
173082289
207366643
207380262
169706407
192863360
189386375
176284206
181667154
199211729
186336481
173088994
208581024
199139556
203275287
187268204
186001707
182278803
177718022
199014270
178785017
167839573
197892861
207736949
195507026
180768786
192435172
192398888
190858549
190823264
195465437
172417751
175096128
172385794
172390049
207612981
207618025
208091605
204801170
204801173
202809342
202813990
202805768
202529075
202529076
202527742
206397956
202175664
192731385
202807061
190255417
177665937
168101813
176658054
202612151
180529410
202084836
202718574
180459155
195973590
195575108
195973605
190228480
193027501
192394531
190401456
190516238
190313328
188359484
199126464
186866694
185057211
168069112
179597943
178942995
186867569
208661956
208660501
168093910
205513532
203416398
202625913
202617119
201897638
201833142
198809470
198493420
198411432
197615448
195465387
190273759
205093125
180520730
188716812
188716800
174047970
173283581
205510441
192348942
172162887
197766868
200344633
198385738
193715397
186977821
184130448
183173131
188809368
183705831
207495723
207503683
206652615
205761871
205749842
202684043
202675102
201338583
201316138
200821931
200090313
198274606
182018226
174419350
174415872
171861193
170103357
170105251
171789897
187249073
179859583
186374832
207282853
189360904
187852961
185744367
185324476
183877192
183705847
182105777
182105735
180045682
180056432
179827654
177244506
172034749
170030733
200220915
204730208
197837738
197865692
186367620
186593264
168302692
208466763
173572757
199703974
178063226
208475256
169942667
199250294
188675185
189383070
189346746
197302181
186337994
186334331
169223930
169942694
203324184
203238842
200581584
200607444
198239074
198234336
195997583
195965318
189977494
195172470
189945439
188965505
188973034
184416041
184448110
184411578
177414913
177927022
207495162
208537103
207503681
207330960
205831005
206218316
205737052
205730345
203519041
202767115
202656063
205655089
202340453
201144295
201549943
200581818
201206117
201012180
195091812
195626562
195704964
195282301
191877419
194196533
194312028
193901408
192057408
189980673
191382557
190472765
191935587
189462182
189279165
189200265
189136123
189200285
189156296
192052326
188014552
188668100
188659305
188711998
187271379
187901065
187911632
186794319
185765551
185780958
185757665
182506893
182507221
181887210
181361787
181246924
180356839
179447776
179673633
179447937
178627613
177698015
177773527
176926777
177291794
177691970
174966787
176890030
176893820
172752900
173349750
174907453
181440048
168272009
167834052
172259768
176886217
208475255
205530733
204864458
204463070
204467326
204858999
200713708
200580990
184188922
173316329
197837794
208466765
190312997
189721705
188853315
185102247
185083814
185081180
178874209
174289479
174268140
208198398
197869895
197837767
196036490
174266704
189810837
189773882
180511612
189763241
207310414
207310415
180523475
180547606
191715145
191730024
206614570
206614573
206614571
197260764
208174513
197394447
204333530
205132504
205834787
207906925
207911301
203699941
204330629
199900055
202242020
202238808
199893491
198032393
198053880
198240761
198243784
200213044
197663943
198029036
195482546
195087097
191753143
194052853
193502882
193135919
187944013
187804575
186372245
186367643
186017486
187807567
185633827
185576260
185574963
185569589
185081130
184793363
187696742
180396865
180366796
180373975
179413821
177584933
190933401
177344393
177825848
189318626
176566999
176528567
178642524
176548495
175446845
175059396
174983773
174945595
174956084
174620438
173357991
173306003
173351334
172579961
172134170
172227007
171945174
169772493
170066861
171523084
172096990
205510648
205509698
203188451
169490106
202828167
200182374
200186299
199857192
192348953
188041018
185793258
202788464
186043968
184683951
184627504
184604524
181472673
181445941
180209847
180161934
172704143
168353432
206180951
206174456
205294284
203577900
202352563
201808696
202345905
190446009
198236179
198239082
198256063
197479779
205297323
194768518
194802864
193083339
189950919
190412019
188085588
193056629
188057829
188063222
186161829
186137795
186134969
185163059
183900270
183921650
183953885
191354996
183447838
192577473
183199844
183405785
183178349
177961175
177892206
174809560
176227301
176224349
173509084
173845769
173082912
172451039
172349988
171604113
171606657
171649813
169660054
192348959
196828270
207842716
208317903
207729972
206923600
206947087
207085461
206394460
206595980
206376368
206080447
207304092
206081634
205578396
205097397
205335281
204928726
205335274
204559525
205925832
205034557
205673355
203503888
203497294
203652088
203660006
204061553
204138721
204067674
202683518
204787266
202583244
205097392
202718001
201851800
203249351
203243379
203496037
201851806
203610768
201851794
201851799
201851814
202025881
201851793
201677035
201818120
201851792
201408319
201583528
200841269
200811178
203040374
200360939
201152763
200226902
200182384
202414908
200686323
200000655
199997279
200000660
199997246
199648484
199544986
201654282
199444132
199420524
199391497
199212138
199147786
199093195
197823760
199129602
199093189
199093188
198216011
198591318
198452398
199670703
198381692
198208919
198024033
198008726
197998649
197998646
197839397
199012006
197823758
197718476
197718442
197718441
197706485
197615225
197700370
197706433
197271960
197263782
197311135
197211479
197195591
197220230
198024026
196734494
197718503
196805587
196805558
196794323
196734488
196394157
196372381
196394233
197271959
196376968
197263775
196372676
196189992
196283015
196394135
196204923
196276133
195839112
195646435
195646436
195746994
195407800
195407803
194772778
195414785
194753594
195407813
194910648
194507198
194295014
194453589
194608759
193841823
193573058
193273940
193432475
193204691
193089946
192839062
192841058
194311639
192447621
190540301
190654568
191441173
190489898
191446731
190647037
189579611
190543816
189371032
191410370
191410446
191414011
191413916
191440533
188168238
188169637
189233814
188169762
188273103
189274030
189275332
189276934
189578834
189277041
189578688
190488546
190394246
191447309
187690496
187699862
187709324
190393806
187806253
187815612
187977990
188041881
188064243
188058374
188168062
188157498
186865751
186698415
186699614
188158348
186298990
186865315
186600360
186299014
186146636
186157099
185632323
185609132
185627534
185233907
184908599
184904696
184515864
186857330
186856876
184662133
184510359
184181611
184240235
184079287
184070135
183502949
183321920
183343102
183222948
183214250
182877686
182894124
182849661
182861470
182638436
182596277
182638103
182588278
182371622
182019527
181556747
181556561
181546151
181550212
181371945
181366992
181347951
180884531
180888755
179732159
179651953
179730850
179502957
179424483
179442212
179134355
179128200
179134052
179134259
179122174
178810812
179121671
179122130
179121936
179122049
180019543
180012110
179121911
178808529
178413570
178392998
178132901
178141806
177853512
177750757
177607186
176886511
176886617
176886858
177123856
176885839
176885633
176885577
176549956
176549362
176220075
175826565
175364656
175436357
175422758
175154964
175144750
173575134
172923556
174490701
173104167
172907169
172638500
172598900
172015053
172596387
171442700
169828866
169162985
168345141
168647334
208519554
208510884
173355235
167892835
205556965
204998313
199930364
195616349
195124153
193253423
193001850
177773553
202886174
181884336
181057812
207843898
202373556
201097474
194941190
191096180
189222957
188888586
188791876
185810120
185792395
185810056
179823258
181639908
181521634
204336642
204332719
203775987
194468261
194435588
190982760
181477807
181550926
181460677
181450425
178049806
178063707
173992981
205436994
205436986
202642406
205436087
202621284
200268416
200223530
198439402
198408473
197714255
185994478
184271674
205139151
204557544
203747353
203289457
191410422
190982743
187120552
186940594
185994459
184696413
184271632
183345293
180998105
177993107
177470362
177987605
171831055
179840550
206895090
207230725
206884155
206597301
191093480
206602501
205120270
205134059
203207987
206685271
206692955
201725984
199074265
202259171
199104952
199000724
199037946
199070185
198034816
196125931
195133389
194409403
193137993
192182805
193117752
193198316
192796718
192754540
192168493
189850486
189807010
188063147
185254767
187696376
185255686
188058551
184058590
185770416
185237117
185770698
183735469
185785238
184054057
181206970
181176995
181175733
180724648
180714151
179062308
180681142
178066194
177096975
178063273
177584955
177588949
176834525
177054067
177080828
176373822
175932866
176358620
175910149
175904859
174628723
174620452
174648114
169616719
167581731
167616681
194769917
188085532
177317878
177354711
175569238
205605802
205397751
197597380
197427176
203668601
187745651
187682189
187673402
199747626
199691226
199747655
199299880
203677475
193673467
195402638
177592346
177631188
177106891
177617863
173781404
188947484
204220531
204220643
204258367
204220666
207939225
201730573
201731378
199993278
202792416
201731677
204220658
204220527
173781875
170787060
170788139
170789130
183331871
170789206
201723546
168600577
168600627
170786680
168601205
170751225
170786428
170785267
204307494
183234441
168588398
207843625
168589564
168593193
168589603
203419836
204220521
183296624
200664532
201783619
168591229
201923825
198945656
200276647
192714538
198939827
197901587
197944369
194990552
194954134
197161838
192731096
198958966
188637068
188432956
188455657
189670640
188428972
186981141
186955936
186955469
183777786
183693909
183691331
183050333
183043378
180013948
180013969
179944310
179900679
174627874
174628765
174662020
171598916
173851211
173672072
171602054
173836267
169333425
169172625
169182811
169172688
190986038
190754166
174639924
173865658
178788603
184075027
178782071
207977700
201089438
201089414
201089321
200435447
200217333
173553162
170968755
171552566
170768827
170764794
170763675
170476616
170478668
203040588
170787930
195952222
203038298
188483565
188482332
187292907
190659462
187264801
187260863
184986718
182987018
182865338
208601867
204184282
204201018
198437907
198469801
198431447
198428289
196038194
197981136
194115144
194183796
192746823
187275251
191745190
192047482
192557948
194050505
191400608
189850467
189806987
189795647
189773743
186786339
183586027
183552371
174542661
178165306
177622213
176020034
175976001
168699933
207725670
175978753
207728251
183553949
184483700
178215684
184674927
204005421
198230415
197611218
185135061
186697199
179555188
175510797
173995779
174047091
205780418
202061883
201365613
200955973
199294178
199291428
186675320
172960096
185767267
198906451
186702743
186667761
187196967
182829424
183607539
183776742
176847282
172419717
171563088
171181712
206479613
206279305
206300785
206596897
204792994
204069836
204064871
203286363
204799552
202641648
202252332
202241740
202228414
202228403
202031052
199826100
202024386
198785584
198811962
197364266
197762309
197649792
196776572
198777073
201950848
193840698
193856740
193359142
196769438
194049326
190691987
190309639
189626649
189613684
188512796
188507623
188476548
188483551
185733715
185096180
184743249
184214173
190559498
190583355
190291983
190088461
179788545
179788537
178774944
178176851
178175234
178162951
177838044
197456098
189180003
177281670
179581275
177615437
175907158
175642487
177585507
173672657
173510283
173421720
173559206
177584499
173333832
172922091
172878869
172208222
172081235
172207287
171924705
171942565
171935374
172005319
171257906
170004059
169646227
167705485
208519066
189995209
190410036
195440449
195247233
194685065
187067760
179830906
171951889
174634346
172338708
172338011
172235646
172185409
171866412
171231578
171838357
171237628
171231514
171224055
167966388
194347817
195235176
195385766
197848727
172853610
172855232
172857757
172876050
204505807
177424591
177442192
177420037
208525260
205213621
170909208
203472971
177458886
177458853
185563206
204138771
182680006
193476375
173260983
176009701
186681985
183669839
186234524
195211400
207967954
207980409
190133992
190104069
192189981
188365853
202810275
202382465
185727122
208387690
207791521
208314002
205216337
186088386
202159854
202551044
202434272
196862739
196864078
189652253
188654375
189235182
179489635
185421933
199115820
177398080
178350782
178870756
179293743
169107988
177052639
177063486